0 0.191788 0.054090 0.024736 0.023747
0 0.867579 0.143799 0.018799 0.029024
0 0.959103 0.287599 0.011873 0.034301
0 0.442117 0.379947 0.020778 0.031662
0 0.239281 0.275066 0.028694 0.019789
0 0.242249 0.236807 0.020778 0.019789
0 0.396603 0.819921 0.018799 0.027704
0 0.533641 0.921504 0.025726 0.025066
0 0.605376 0.864776 0.022757 0.027704
0 0.430244 0.904354 0.024736 0.032982
0 0.167546 0.929420 0.019789 0.030343
0 0.299142 0.986807 0.025726 0.026385
0 0.332289 0.984828 0.016821 0.030343
0 0.164578 0.598285 0.029683 0.032982
