0 0.741442542787286 0.011029411764705883 0.02078239608801956 0.022058823529411766
0 0.5531784841075794 0.20588235294117646 0.019559902200488997 0.035845588235294115
0 0.5171149144254279 0.22518382352941177 0.019559902200488997 0.02297794117647059
0 0.534841075794621 0.04044117647058824 0.019559902200488997 0.03308823529411765
0 0.2671149144254279 0.41911764705882354 0.018948655256723717 0.02389705882352941
0 0.4841075794621027 0.5422794117647058 0.018337408312958436 0.034926470588235295
0 0.13508557457212714 0.5523897058823529 0.014669926650366748 0.027573529411764705
0 0.4058679706601467 0.6332720588235294 0.020171149144254278 0.027573529411764705
0 0.22188264058679708 0.6461397058823529 0.022004889975550123 0.03216911764705882
0 0.784841075794621 0.6479779411764706 0.017114914425427872 0.025735294117647058
0 0.8374083129584352 0.6488970588235294 0.019559902200488997 0.02849264705882353
0 0.3160146699266504 0.65625 0.022616136919315404 0.02665441176470588
0 0.25855745721271395 0.6663602941176471 0.018948655256723717 0.029411764705882353