0 0.6338630806845966 0.19209558823529413 0.017114914425427872 0.02849264705882353
0 0.15036674816625917 0.39797794117647056 0.021393643031784843 0.02849264705882353
0 0.20721271393643031 0.4430147058823529 0.023838630806845965 0.027573529411764705
0 0.5537897310513448 0.5772058823529411 0.021393643031784843 0.02849264705882353
0 0.9297066014669927 0.06525735294117647 0.02444987775061125 0.03400735294117647
0 0.27506112469437655 0.6856617647058824 0.023838630806845965 0.03400735294117647
0 0.25183374083129584 0.7711397058823529 0.02444987775061125 0.02389705882352941
0 0.5562347188264058 0.07904411764705882 0.021393643031784843 0.029411764705882353
0 0.43215158924205377 0.7895220588235294 0.02567237163814181 0.02849264705882353
0 0.17726161369193155 0.8060661764705882 0.023227383863080684 0.022058823529411766
0 0.18887530562347188 0.8391544117647058 0.021393643031784843 0.021139705882352942
0 0.31723716381418093 0.8878676470588235 0.018948655256723717 0.02665441176470588
0 0.1301955990220049 0.8915441176470589 0.023227383863080684 0.02849264705882353
0 0.32885085574572126 0.9476102941176471 0.02628361858190709 0.042279411764705885
0 0.6356968215158925 0.9816176470588235 0.028728606356968216 0.03216911764705882
0 0.9559902200488998 0.06525735294117647 0.02444987775061125 0.03400735294117647