0 0.8722493887530562 0.13051470588235295 0.01650366748166259 0.02297794117647059
0 0.6613691931540342 0.15441176470588236 0.03117359413202934 0.024816176470588234
0 0.8270171149144254 0.17555147058823528 0.013447432762836185 0.021139705882352942
0 0.11735941320293398 0.22518382352941177 0.017114914425427872 0.03308823529411765
0 0.8068459657701712 0.22977941176470587 0.017726161369193152 0.025735294117647058
0 0.8875305623471883 0.2821691176470588 0.01650366748166259 0.02849264705882353
0 0.23471882640586797 0.3125 0.022004889975550123 0.03125
0 0.5874083129584352 0.32628676470588236 0.023227383863080684 0.035845588235294115
0 0.9009779951100244 0.328125 0.022616136919315404 0.034926470588235295
0 0.8771393643031785 0.4117647058823529 0.01589242053789731 0.02389705882352941
0 0.715158924205379 0.42371323529411764 0.023227383863080684 0.02849264705882353
0 0.8795843520782396 0.05330882352941176 0.01650366748166259 0.029411764705882353
0 0.484718826405868 0.6939338235294118 0.022616136919315404 0.03125
0 0.06356968215158924 0.7702205882352942 0.014669926650366748 0.03308823529411765
0 0.8930317848410758 0.7950367647058824 0.017726161369193152 0.03768382352941176
0 0.21332518337408313 0.8299632352941176 0.023227383863080684 0.029411764705882353
0 0.002139364303178484 0.22564338235294118 0.004278728606356968 0.03400735294117647
0 0.9944987775061125 0.2821691176470588 0.009779951100244499 0.029411764705882353
0 0.9847188264058679 0.328125 0.022616136919315404 0.034926470588235295
0 0.0488997555012225 0.7702205882352942 0.014669926650366748 0.03308823529411765
0 0.991442542787286 0.7950367647058824 0.01589242053789731 0.03860294117647059