0 0.1687041564792176 0.12224264705882353 0.023838630806845965 0.025735294117647058
0 0.0617359413202934 0.484375 0.011002444987775062 0.029411764705882353
0 0.20599022004889975 0.5441176470588235 0.022616136919315404 0.03308823529411765
0 0.08007334963325183 0.5698529411764706 0.02506112469437653 0.03952205882352941
0 0.882640586797066 0.8014705882352942 0.018337408312958436 0.03125
0 0.06723716381418093 0.8262867647058824 0.021393643031784843 0.03125
0 0.1393643031784841 0.8382352941176471 0.023838630806845965 0.03400735294117647
0 0.7506112469437652 0.8805147058823529 0.02078239608801956 0.04136029411764706
0 0.050733496332518335 0.484375 0.011002444987775062 0.029411764705882353
0 0.0323960880195599 0.5698529411764706 0.02506112469437653 0.03952205882352941
0 0.996638141809291 0.8019301470588235 0.005501222493887531 0.03216911764705882
0 0.04523227383863081 0.8262867647058824 0.021393643031784843 0.03125