0 0.1497555012224939 0.12040441176470588 0.019559902200488997 0.027573529411764705
0 0.3508557457212714 0.3584558823529412 0.02078239608801956 0.03216911764705882
0 0.7597799511002445 0.3786764705882353 0.023227383863080684 0.022058823529411766
0 0.6497555012224939 0.4172794117647059 0.023838630806845965 0.030330882352941176
0 0.06356968215158924 0.5018382352941176 0.014669926650366748 0.03125
0 0.6143031784841075 0.05606617647058824 0.019559902200488997 0.02297794117647059
0 0.6448655256723717 0.8501838235294118 0.01589242053789731 0.03216911764705882
0 0.9321515892420538 0.8648897058823529 0.018337408312958436 0.03400735294117647
0 0.9034229828850856 0.8759191176470589 0.017726161369193152 0.02849264705882353
0 0.33007334963325186 0.9623161764705882 0.018337408312958436 0.02665441176470588
0 0.0488997555012225 0.5018382352941176 0.014669926650366748 0.03125
0 0.9535452322738386 0.8648897058823529 0.018337408312958436 0.03400735294117647
0 0.9822738386308069 0.8759191176470589 0.017726161369193152 0.02849264705882353