0 0.4902200488997555 0.1792279411764706 0.018337408312958436 0.03216911764705882
0 0.31234718826405866 0.20496323529411764 0.017726161369193152 0.02297794117647059
0 0.2530562347188264 0.23529411764705882 0.020171149144254278 0.02389705882352941
0 0.24083129584352078 0.27389705882352944 0.01589242053789731 0.025735294117647058
0 0.38202933985330073 0.03125 0.02078239608801956 0.02665441176470588
0 0.3801955990220049 0.35753676470588236 0.017114914425427872 0.025735294117647058
0 0.40403422982885084 0.38419117647058826 0.018337408312958436 0.03125
0 0.7836185819070904 0.4007352941176471 0.019559902200488997 0.024816176470588234
0 0.28973105134474325 0.41544117647058826 0.017726161369193152 0.03125
0 0.24511002444987776 0.4227941176470588 0.022616136919315404 0.030330882352941176
0 0.29767726161369196 0.4724264705882353 0.018337408312958436 0.03768382352941176
0 0.07946210268948656 0.4733455882352941 0.018337408312958436 0.02849264705882353
0 0.8685819070904646 0.5027573529411765 0.02078239608801956 0.03860294117647059
0 0.6839853300733496 0.5395220588235294 0.02078239608801956 0.03308823529411765
0 0.5268948655256723 0.5882352941176471 0.018337408312958436 0.03216911764705882
0 0.4614914425427873 0.6783088235294118 0.02078239608801956 0.034926470588235295
0 0.2506112469437653 0.10661764705882353 0.018337408312958436 0.03125
0 0.3808068459657702 0.109375 0.017726161369193152 0.025735294117647058
0 0.03300733496332518 0.4733455882352941 0.018337408312958436 0.02849264705882353