0 0.7090464547677262 0.171875 0.02567237163814181 0.03860294117647059
0 0.8453545232273839 0.171875 0.02506112469437653 0.02849264705882353
0 0.5213936430317848 0.20128676470588236 0.021393643031784843 0.034926470588235295
0 0.43092909535452323 0.22426470588235295 0.022004889975550123 0.025735294117647058
0 0.8141809290953546 0.2931985294117647 0.022004889975550123 0.03676470588235294
0 0.5757946210268948 0.42371323529411764 0.02506112469437653 0.03125
0 0.4633251833740831 0.47702205882352944 0.020171149144254278 0.03216911764705882
0 0.26894865525672373 0.5257352941176471 0.018337408312958436 0.034926470588235295
0 0.4394865525672372 0.5542279411764706 0.019559902200488997 0.03400735294117647
0 0.2567237163814181 0.6213235294117647 0.02078239608801956 0.035845588235294115
0 0.8881418092909535 0.10753676470588236 0.014058679706601468 0.030330882352941176
0 0.9948044009779952 0.10753676470588236 0.009168704156479218 0.03125