0 0.7411369193154034 0.014246323529411764 0.020171149144254278 0.02849264705882353
0 0.5501222493887531 0.20036764705882354 0.018948655256723717 0.03216911764705882
0 0.5158924205378973 0.2261029411764706 0.01650366748166259 0.030330882352941176
0 0.26894865525672373 0.4163602941176471 0.018337408312958436 0.02849264705882353
0 0.13753056234718827 0.5505514705882353 0.014669926650366748 0.027573529411764705
0 0.4480440097799511 0.5689338235294118 0.02078239608801956 0.035845588235294115
0 0.5091687041564792 0.6194852941176471 0.017726161369193152 0.03952205882352941
0 0.3930317848410758 0.6387867647058824 0.023227383863080684 0.03308823529411765
0 0.8031784841075794 0.6461397058823529 0.011002444987775062 0.027573529411764705
0 0.3147921760391198 0.6599264705882353 0.022004889975550123 0.03216911764705882
0 0.25794621026894865 0.6645220588235294 0.017726161369193152 0.02389705882352941