0 0.9223716381418093 0.3244485294117647 0.023227383863080684 0.025735294117647058
0 0.6625916870415648 0.4099264705882353 0.023227383863080684 0.03308823529411765
0 0.58679706601467 0.49080882352941174 0.018948655256723717 0.03308823529411765
0 0.44926650366748166 0.5303308823529411 0.021393643031784843 0.02665441176470588
0 0.4743276283618582 0.5422794117647058 0.015281173594132029 0.02849264705882353
0 0.24755501222493886 0.6286764705882353 0.020171149144254278 0.024816176470588234
0 0.2591687041564792 0.6599264705882353 0.013447432762836185 0.03676470588235294
0 0.1790953545232274 0.6608455882352942 0.017114914425427872 0.03216911764705882
0 0.1497555012224939 0.6773897058823529 0.014669926650366748 0.03676470588235294
0 0.3691931540342298 0.7316176470588235 0.02078239608801956 0.034926470588235295
0 0.23288508557457213 0.7886029411764706 0.02078239608801956 0.03400735294117647
0 0.3539119804400978 0.8023897058823529 0.02078239608801956 0.03400735294117647
0 0.83679706601467 0.8667279411764706 0.018337408312958436 0.029411764705882353
0 0.7652811735941321 0.875 0.022616136919315404 0.029411764705882353
0 0.9633251833740831 0.3244485294117647 0.023227383863080684 0.025735294117647058