0 0.25244498777506114 0.14981617647058823 0.020171149144254278 0.03125
0 0.5024449877750611 0.19761029411764705 0.020171149144254278 0.025735294117647058
0 0.5048899755501223 0.21691176470588236 0.019559902200488997 0.02665441176470588
0 0.5287286063569682 0.22242647058823528 0.020171149144254278 0.02849264705882353
0 0.46943765281173594 0.2417279411764706 0.028728606356968216 0.04136029411764706
0 0.6381418092909535 0.2601102941176471 0.022004889975550123 0.02665441176470588
0 0.6063569682151589 0.3584558823529412 0.018337408312958436 0.03400735294117647
0 0.4779951100244499 0.3648897058823529 0.021393643031784843 0.03125
0 0.2628361858190709 0.40808823529411764 0.017726161369193152 0.027573529411764705
0 0.28484107579462103 0.43933823529411764 0.01650366748166259 0.03768382352941176
0 0.3312958435207824 0.47610294117647056 0.022004889975550123 0.034926470588235295
0 0.38875305623471884 0.5661764705882353 0.019559902200488997 0.03676470588235294
0 0.4315403422982885 0.6056985294117647 0.02078239608801956 0.030330882352941176
0 0.31295843520782396 0.6433823529411765 0.022616136919315404 0.03676470588235294
0 0.28973105134474325 0.6516544117647058 0.01650366748166259 0.03676470588235294
0 0.4443765281173594 0.6709558823529411 0.022004889975550123 0.034926470588235295