0 0.7383863080684596 0.11213235294117647 0.018337408312958436 0.02849264705882353
0 0.09718826405867971 0.140625 0.017726161369193152 0.03308823529411765
0 0.6815403422982885 0.2113970588235294 0.014669926650366748 0.02849264705882353
0 0.36491442542787283 0.22242647058823528 0.022616136919315404 0.029411764705882353
0 0.8196821515892421 0.2803308823529412 0.018337408312958436 0.012867647058823529
0 0.815403422982885 0.2931985294117647 0.015281173594132029 0.017463235294117647
0 0.3966992665036675 0.04595588235294118 0.022004889975550123 0.02665441176470588
0 0.3856968215158924 0.5073529411764706 0.019559902200488997 0.03216911764705882
0 0.29645476772616136 0.5202205882352942 0.012836185819070905 0.017463235294117647
0 0.30134474327628363 0.5404411764705882 0.01650366748166259 0.02022058823529412
0 0.48594132029339854 0.5900735294117647 0.017114914425427872 0.029411764705882353
0 0.4235941320293399 0.7931985294117647 0.021393643031784843 0.034926470588235295
0 0.06907090464547677 0.9044117647058824 0.021393643031784843 0.035845588235294115
0 0.6882640586797066 0.9126838235294118 0.01650366748166259 0.02665441176470588
0 0.015281173594132029 0.140625 0.017726161369193152 0.03308823529411765
0 0.04339853300733496 0.9044117647058824 0.021393643031784843 0.035845588235294115