0 0.4676039119804401 0.2803308823529412 0.017114914425427872 0.027573529411764705
0 0.328239608801956 0.5661764705882353 0.017726161369193152 0.02022058823529412
0 0.4407090464547677 0.5744485294117647 0.02078239608801956 0.03216911764705882
0 0.3312958435207824 0.6139705882352942 0.019559902200488997 0.02849264705882353
0 0.3759168704156479 0.6222426470588235 0.02078239608801956 0.02665441176470588
0 0.4400977995110024 0.6985294117647058 0.014669926650366748 0.03400735294117647
0 0.3930317848410758 0.7279411764705882 0.020171149144254278 0.02665441176470588
0 0.48166259168704156 0.7398897058823529 0.019559902200488997 0.030330882352941176
0 0.3160146699266504 0.7784926470588235 0.017726161369193152 0.022058823529411766
0 0.8257946210268948 0.8198529411764706 0.019559902200488997 0.03768382352941176
0 0.4125916870415648 0.8253676470588235 0.014058679706601468 0.024816176470588234
0 0.6155256723716381 0.8272058823529411 0.02444987775061125 0.03860294117647059
0 0.43092909535452323 0.8318014705882353 0.018948655256723717 0.02849264705882353
0 0.8820293398533008 0.8373161764705882 0.021393643031784843 0.025735294117647058
0 0.6784841075794621 0.9044117647058824 0.01589242053789731 0.035845588235294115
0 0.45354523227383864 0.9558823529411765 0.020171149144254278 0.03216911764705882
0 0.9960268948655256 0.8377757352941176 0.006723716381418093 0.02665441176470588