0 0.5061124694376528 0.11397058823529412 0.017114914425427872 0.03125
0 0.7072127139364304 0.015625 0.015281173594132029 0.021139705882352942
0 0.5366748166259169 0.18474264705882354 0.01650366748166259 0.025735294117647058
0 0.5220048899755502 0.22886029411764705 0.021393643031784843 0.03125
0 0.8930317848410758 0.2555147058823529 0.018948655256723717 0.02665441176470588
0 0.5226161369193154 0.2610294117647059 0.028728606356968216 0.03216911764705882
0 0.8551344743276283 0.3318014705882353 0.02078239608801956 0.03308823529411765
0 0.40403422982885084 0.4053308823529412 0.017114914425427872 0.03308823529411765
0 0.7365525672371638 0.46139705882352944 0.01650366748166259 0.027573529411764705
0 0.5385085574572127 0.4632352941176471 0.023227383863080684 0.03308823529411765
0 0.09902200488997555 0.7159926470588235 0.021393643031784843 0.03308823529411765
0 0.7224938875305623 0.07628676470588236 0.013447432762836185 0.025735294117647058
0 0.719437652811736 0.008272058823529412 0.019559902200488997 0.016544117647058824
0 0.6577017114914425 0.9522058823529411 0.017726161369193152 0.02665441176470588
0 0.6705378973105135 0.9577205882352942 0.012836185819070905 0.02297794117647059
0 0.9911369193154034 0.2555147058823529 0.01650366748166259 0.027573529411764705
0 0.013447432762836185 0.7159926470588235 0.021393643031784843 0.03308823529411765