0 0.1460880195599022 0.14613970588235295 0.017726161369193152 0.03216911764705882
0 0.08740831295843521 0.17095588235294118 0.01650366748166259 0.030330882352941176
0 0.4682151589242054 0.3079044117647059 0.017114914425427872 0.024816176470588234
0 0.4908312958435208 0.3235294117647059 0.019559902200488997 0.030330882352941176
0 0.7952322738386308 0.3547794117647059 0.017726161369193152 0.027573529411764705
0 0.38325183374083127 0.43014705882352944 0.01650366748166259 0.029411764705882353
0 0.19437652811735942 0.46691176470588236 0.020171149144254278 0.029411764705882353
0 0.7665036674816625 0.5652573529411765 0.022004889975550123 0.03125
0 0.8918092909535452 0.078125 0.02078239608801956 0.025735294117647058
0 0.19987775061124693 0.8033088235294118 0.02078239608801956 0.034926470588235295
0 0.5378973105134475 0.9301470588235294 0.018948655256723717 0.024816176470588234
0 0.02506112469437653 0.17095588235294118 0.01650366748166259 0.030330882352941176
0 0.991442542787286 0.07858455882352941 0.01589242053789731 0.02665441176470588