0 0.9168704156479217 0.28860294117647056 0.018337408312958436 0.042279411764705885
0 0.597799511002445 0.03768382352941176 0.02506112469437653 0.029411764705882353
0 0.34535452322738386 0.4411764705882353 0.01650366748166259 0.02665441176470588
0 0.8416870415647921 0.050551470588235295 0.023838630806845965 0.034926470588235295
0 0.2952322738386308 0.5275735294117647 0.020171149144254278 0.035845588235294115
0 0.7799511002444988 0.05606617647058824 0.018337408312958436 0.029411764705882353
0 0.6625916870415648 0.7555147058823529 0.017726161369193152 0.03952205882352941
0 0.2940097799511002 0.8658088235294118 0.017726161369193152 0.02665441176470588
0 0.2658924205378973 0.8713235294117647 0.02628361858190709 0.02665441176470588
0 0.5268948655256723 0.0974264705882353 0.018337408312958436 0.02389705882352941
0 0.9688264058679706 0.28860294117647056 0.018337408312958436 0.042279411764705885