0 0.0941320293398533 0.23805147058823528 0.020171149144254278 0.024816176470588234
0 0.2995110024449878 0.28768382352941174 0.02078239608801956 0.030330882352941176
0 0.16320293398533006 0.029411764705882353 0.01650366748166259 0.024816176470588234
0 0.656479217603912 0.5459558823529411 0.018948655256723717 0.029411764705882353
0 0.4132029339853301 0.6231617647058824 0.023227383863080684 0.030330882352941176
0 0.11552567237163815 0.0661764705882353 0.012224938875305624 0.02389705882352941
0 0.33374083129584353 0.84375 0.023838630806845965 0.03952205882352941
0 0.7114914425427873 0.84375 0.015281173594132029 0.034926470588235295
0 0.4819682151589242 0.009650735294117647 0.023838630806845965 0.019301470588235295
0 0.10330073349633252 0.0900735294117647 0.012836185819070905 0.021139705882352942
0 0.018337408312958436 0.23805147058823528 0.020171149144254278 0.024816176470588234
0 0.0018337408312958435 0.0666360294117647 0.003667481662591687 0.024816176470588234
0 0.009168704156479218 0.0900735294117647 0.012836185819070905 0.021139705882352942