0 0.17726161369193155 0.6511948529411765 0.022004889975550123 0.03952205882352941
0 0.2197432762836186 0.7123161764705882 0.021393643031784843 0.03676470588235294
0 0.2940097799511002 0.7302389705882353 0.014669926650366748 0.04136029411764706
0 0.2839242053789731 0.7522977941176471 0.017726161369193152 0.03768382352941176
0 0.2726161369193154 0.8033088235294118 0.018337408312958436 0.03308823529411765
0 0.20537897310513448 0.8373161764705882 0.019559902200488997 0.03860294117647059
0 0.1378361858190709 0.7380514705882353 0.0323960880195599 0.03860294117647059
0 0.8432151589242054 0.3492647058823529 0.01650366748166259 0.04779411764705882
0 0.8025672371638142 0.4655330882352941 0.018337408312958436 0.04136029411764706
0 0.6864303178484108 0.10661764705882353 0.02078239608801956 0.03860294117647059
0 0.7154645476772616 0.03814338235294117 0.02628361858190709 0.03768382352941176
0 0.7111858190709046 0.07261029411764706 0.03361858190709047 0.034926470588235295
0 0.7341075794621027 0.8414522058823529 0.02567237163814181 0.030330882352941176
0 0.24847188264058678 0.8193933823529411 0.021393643031784843 0.043198529411764705
