0 0.14425427872860636 0.06939338235294118 0.03178484107579462 0.021139705882352942
0 0.6818459657701711 0.14292279411764705 0.023838630806845965 0.022977941176470586
0 0.49755501222493886 0.18612132352941177 0.023227383863080684 0.043198529411764705
0 0.3636919315403423 0.3368566176470588 0.02689486552567237 0.02665441176470588
0 0.16625916870415647 0.6116727941176471 0.02567237163814181 0.043198529411764705
0 0.7545843520782396 0.6796875 0.018948655256723717 0.046875
0 0.6995721271393643 0.7660845588235294 0.01650366748166259 0.035845588235294115
0 0.6790953545232273 0.8216911764705882 0.022004889975550123 0.03860294117647059
0 0.6457823960880196 0.8837316176470588 0.029951100244498777 0.03216911764705882
0 0.7197432762836186 0.8685661764705882 0.021393643031784843 0.03860294117647059
