0 0.090943 0.042839 0.025513 0.037084
0 0.096471 0.171995 0.026363 0.026854
0 0.226161 0.049872 0.023812 0.043478
0 0.233390 0.108056 0.033167 0.044757
0 0.610556 0.338875 0.023812 0.040921
0 0.730467 0.181586 0.025513 0.035806
0 0.810832 0.359335 0.034868 0.035806
0 0.803604 0.575448 0.028915 0.030691
0 0.662007 0.762148 0.026363 0.043478
0 0.821888 0.789003 0.031466 0.033248
0 0.249973 0.646419 0.022111 0.047315
0 0.399649 0.769821 0.022111 0.046036
0 0.395397 0.907289 0.020410 0.042199
0 0.492771 0.844629 0.031466 0.034527