0 0.27506112469437655 0.07123161764705882 0.019559902200488997 0.04136029411764706
0 0.38753056234718825 0.2679227941176471 0.02078239608801956 0.04136029411764706
0 0.5299511002444988 0.3474264705882353 0.02689486552567237 0.03860294117647059
0 0.7674205378973105 0.5142463235294118 0.01650366748166259 0.04871323529411765
0 0.8991442542787286 0.6700367647058824 0.03300733496332518 0.01838235294117647
0 0.9122860635696821 0.6902573529411765 0.02628361858190709 0.02389705882352941
0 0.6075794621026895 0.7771139705882353 0.02567237163814181 0.02849264705882353
0 0.597799511002445 0.7573529411764706 0.02444987775061125 0.025735294117647058
0 0.10971882640586797 0.7628676470588235 0.02506112469437653 0.03308823529411765
0 0.06876528117359414 0.3524816176470588 0.017726161369193152 0.035845588235294115
0 0.09718826405867971 0.3920036764705882 0.039119804400977995 0.021139705882352942
0 0.11858190709046455 0.47150735294117646 0.03178484107579462 0.02389705882352941
0 0.08649144254278729 0.4563419117647059 0.012836185819070905 0.03952205882352941
0 0.09688264058679706 0.4866727941176471 0.020171149144254278 0.03768382352941176
0 0.24969437652811735 0.3561580882352941 0.021393643031784843 0.035845588235294115
