0 0.2723105134474328 0.22794117647058823 0.021393643031784843 0.04044117647058824
0 0.3808068459657702 0.16636029411764705 0.022004889975550123 0.029411764705882353
0 0.41992665036674814 0.17555147058823528 0.023227383863080684 0.025735294117647058
0 0.37011002444987773 0.3180147058823529 0.023838630806845965 0.04595588235294117
0 0.42573349633251834 0.3717830882352941 0.02750611246943765 0.02849264705882353
0 0.562958435207824 0.4802389705882353 0.029339853300733496 0.043198529411764705
0 0.7056845965770171 0.14384191176470587 0.02506112469437653 0.03400735294117647
0 0.8013447432762836 0.25597426470588236 0.019559902200488997 0.035845588235294115
0 0.8551344743276283 0.24034926470588236 0.02444987775061125 0.03216911764705882
0 0.9422371638141809 0.41590073529411764 0.023838630806845965 0.04503676470588235
0 0.7616136919315404 0.24310661764705882 0.023227383863080684 0.035845588235294115
0 0.7802567237163814 0.24126838235294118 0.015281173594132029 0.046875
0 0.7594743276283619 0.2771139705882353 0.020171149144254278 0.03952205882352941
0 0.27964547677261614 0.6865808823529411 0.03728606356968215 0.03860294117647059
0 0.07579462102689487 0.8667279411764706 0.02444987775061125 0.025735294117647058
0 0.06234718826405868 0.8920036764705882 0.028117359413202935 0.03216911764705882
0 0.08710268948655257 0.8988970588235294 0.020171149144254278 0.04044117647058824
0 0.10757946210268948 0.9007352941176471 0.02689486552567237 0.029411764705882353
0 0.06815403422982885 0.8363970588235294 0.02750611246943765 0.027573529411764705
