0 0.36491442542787283 0.109375 0.017114914425427872 0.042279411764705885
0 0.4400977995110024 0.2421875 0.022004889975550123 0.03768382352941176
0 0.5149755501222494 0.22150735294117646 0.020171149144254278 0.044117647058823525
0 0.82059902200489 0.09099264705882353 0.0323960880195599 0.027573529411764705
0 0.9104523227383863 0.16498161764705882 0.017726161369193152 0.043198529411764705
0 0.8190709046454767 0.3828125 0.02689486552567237 0.03400735294117647
0 0.953239608801956 0.3676470588235294 0.0323960880195599 0.03125
0 0.44621026894865523 0.6309742647058824 0.019559902200488997 0.03400735294117647
0 0.4773838630806846 0.6498161764705882 0.02567237163814181 0.029411764705882353
0 0.4666870415647922 0.7849264705882353 0.014058679706601468 0.044117647058823525
0 0.4242053789731051 0.8221507352941176 0.014669926650366748 0.03952205882352941
0 0.4669926650366748 0.8474264705882353 0.02689486552567237 0.03125
0 0.05592909535452323 0.8483455882352942 0.020171149144254278 0.03676470588235294
0 0.07365525672371638 0.8988970588235294 0.023838630806845965 0.034926470588235295
0 0.9187041564792175 0.8354779411764706 0.019559902200488997 0.03860294117647059
0 0.8031784841075794 0.9866727941176471 0.023227383863080684 0.02665441176470588
0 0.18031784841075796 0.7826286764705882 0.019559902200488997 0.03400735294117647
0 0.6797066014669927 0.7072610294117647 0.03178484107579462 0.02665441176470588
