0 0.144182 0.258951 0.019182 0.021739
0 0.372922 0.262148 0.020141 0.025575
0 0.421835 0.259591 0.023977 0.023018
0 0.483216 0.537084 0.018223 0.033248
0 0.624201 0.386829 0.022059 0.021739
0 0.922474 0.150256 0.014386 0.021739
0 0.746483 0.289003 0.019182 0.025575
0 0.694214 0.910486 0.020141 0.025575
0 0.503357 0.850384 0.022059 0.025575
0 0.171515 0.862532 0.022059 0.026854
0 0.179188 0.940537 0.018223 0.029412
0 0.019022 0.982737 0.025895 0.019182
0 0.519661 0.959079 0.023977 0.025575
0 0.961317 0.987852 0.024936 0.024296