0 0.8068459657701711 0.11259191176470588 0.017114914425427872 0.04503676470588235
0 0.8575794621026895 0.15119485294117646 0.019559902200488997 0.046875
0 0.8542176039119804 0.22426470588235295 0.022616136919315404 0.027573529411764705
0 0.8725550122249389 0.3584558823529412 0.02628361858190709 0.03125
0 0.7808679706601467 0.4577205882352941 0.023838630806845965 0.01838235294117647
0 0.7542787286063569 0.4457720588235294 0.023227383863080684 0.027573529411764705
0 0.7646699266503667 0.4701286764705882 0.017114914425427872 0.02849264705882353
0 0.6353911980440098 0.5657169117647058 0.02506112469437653 0.03216911764705882
0 0.5048899755501223 0.6162683823529411 0.02444987775061125 0.02849264705882353
0 0.2283007334963325 0.3492647058823529 0.022616136919315404 0.029411764705882353
0 0.38386308068459657 0.38786764705882354 0.02689486552567237 0.027573529411764705
0 0.037897310513447434 0.7357536764705882 0.02567237163814181 0.030330882352941176
0 0.07121026894865526 0.8046875 0.029951100244498777 0.030330882352941176
0 0.12683374083129584 0.8272058823529411 0.015281173594132029 0.03308823529411765
0 0.12591687041564792 0.8538602941176471 0.022004889975550123 0.03860294117647059
0 0.7166870415647921 0.017463235294117647 0.03117359413202934 0.03125
