0 0.41656479217603914 0.10294117647058823 0.022616136919315404 0.027573529411764705
0 0.5082518337408313 0.5114889705882353 0.02750611246943765 0.03768382352941176
0 0.535757946210269 0.4329044117647059 0.02628361858190709 0.022058823529411763
0 0.628361858190709 0.37683823529411764 0.023227383863080684 0.03125
0 0.6833740831295844 0.4186580882352941 0.01589242053789731 0.05238970588235294
0 0.9547677261613692 0.125 0.02444987775061125 0.034926470588235295
0 0.7768948655256723 0.3506433823529412 0.02567237163814181 0.03400735294117647
0 0.5904645476772616 0.3538602941176471 0.028117359413202935 0.027573529411764705
0 0.5981051344743277 0.3396139705882353 0.020171149144254278 0.043198529411764705
0 0.43184596577017115 0.4255514705882353 0.020171149144254278 0.04779411764705882
0 0.2221882640586797 0.6488970588235294 0.021393643031784843 0.034926470588235295
0 0.2310513447432763 0.8474264705882353 0.03300733496332518 0.022058823529411763
