0 0.22982885085574573 0.14292279411764705 0.02567237163814181 0.019301470588235295
0 0.22860635696821516 0.1842830882352941 0.02567237163814181 0.030330882352941176
0 0.1347799511002445 0.18290441176470587 0.028728606356968216 0.02389705882352941
0 0.5128361858190709 0.2991727941176471 0.02444987775061125 0.03400735294117647
0 0.5158924205378973 0.5431985294117647 0.018337408312958436 0.03676470588235294
0 0.5284229828850856 0.7568933823529411 0.022616136919315404 0.03768382352941176
0 0.7160757946210269 0.6502757352941176 0.02506112469437653 0.030330882352941176
0 0.9242053789731052 0.8056066176470588 0.028117359413202935 0.03952205882352941
0 0.9297066014669927 0.3961397058823529 0.013447432762836185 0.04595588235294117
0 0.7029339853300733 0.42784926470588236 0.02689486552567237 0.024816176470588234
0 0.8178484107579462 0.5661764705882353 0.019559902200488997 0.03676470588235294
0 0.9196210268948655 0.20404411764705882 0.017726161369193152 0.042279411764705885
0 0.5641809290953546 0.5602022058823529 0.014669926650366748 0.04136029411764706
0 0.5696821515892421 0.625 0.018337408312958436 0.03860294117647059
