0 0.7023227383863081 0.15349264705882354 0.02078239608801956 0.03676470588235294
0 0.6570904645476773 0.2697610294117647 0.030562347188264057 0.03768382352941176
0 0.7402200488997555 0.39659926470588236 0.018337408312958436 0.04136029411764706
0 0.5485941320293398 0.3166360294117647 0.03117359413202934 0.02849264705882353
0 0.6170537897310513 0.28768382352941174 0.020171149144254278 0.04044117647058824
0 0.6696210268948655 0.4742647058823529 0.029951100244498777 0.02389705882352941
0 0.5531784841075794 0.6323529411764706 0.023227383863080684 0.034926470588235295
0 0.3157090464547677 0.6659007352941176 0.0323960880195599 0.02665441176470588
0 0.10268948655256724 0.9021139705882353 0.022004889975550123 0.035845588235294115
0 0.48135696821515894 0.5514705882352942 0.012836185819070905 0.042279411764705885
0 0.40922982885085574 0.6576286764705882 0.0323960880195599 0.02665441176470588
