0 0.087596 0.055627 0.021100 0.021739
0 0.242487 0.012148 0.012468 0.024296
0 0.030051 0.356138 0.019182 0.021739
0 0.201726 0.307545 0.015345 0.024297
0 0.216113 0.361893 0.021100 0.020460
0 0.235774 0.369565 0.016304 0.038363
0 0.365249 0.505115 0.018223 0.025575
0 0.502877 0.418798 0.023018 0.029412
0 0.552749 0.259591 0.023018 0.020460
0 0.675512 0.187340 0.011509 0.029412
0 0.732577 0.237212 0.018223 0.037084
0 0.788203 0.312660 0.016304 0.021739
0 0.629476 0.297315 0.019182 0.024297
0 0.757992 0.833120 0.017263 0.029412