0 0.14486552567237163 0.024816176470588234 0.02078239608801956 0.03860294117647059
0 0.20262836185819072 0.15716911764705882 0.022616136919315404 0.034926470588235295
0 0.14425427872860636 0.1015625 0.019559902200488997 0.03400735294117647
0 0.14486552567237163 0.14200367647058823 0.028117359413202935 0.030330882352941176
0 0.06693154034229828 0.3864889705882353 0.017726161369193152 0.04136029411764706
0 0.16625916870415647 0.359375 0.023227383863080684 0.03308823529411765
0 0.4018948655256724 0.07766544117647059 0.018948655256723717 0.046875
0 0.5177261613691931 0.09926470588235294 0.017114914425427872 0.04044117647058824
0 0.43734718826405866 0.25919117647058826 0.0323960880195599 0.03125
0 0.5843520782396088 0.3492647058823529 0.023227383863080684 0.029411764705882353
0 0.5617359413202934 0.33869485294117646 0.017114914425427872 0.04136029411764706
0 0.5485941320293398 0.3630514705882353 0.018948655256723717 0.029411764705882353
0 0.5241442542787286 0.37775735294117646 0.02628361858190709 0.025735294117647058
0 0.5644865525672371 0.44393382352941174 0.0323960880195599 0.027573529411764705
0 0.38233496332518335 0.5542279411764706 0.023838630806845965 0.04044117647058824
0 0.355440097799511 0.8069852941176471 0.0323960880195599 0.027573529411764705
0 0.14272616136919317 0.8460477941176471 0.03361858190709047 0.03216911764705882
0 0.5278117359413202 0.7715992647058824 0.028728606356968216 0.04136029411764706
0 0.9251222493887531 0.5220588235294118 0.02628361858190709 0.042279411764705885
0 0.9480440097799511 0.1953125 0.037897310513447434 0.02849264705882353
0 0.5421760391198044 0.2633272058823529 0.028117359413202935 0.030330882352941176
