0 0.150416 0.058824 0.016304 0.023018
0 0.490409 0.039003 0.021100 0.024297
0 0.785326 0.033248 0.025895 0.023018
0 0.349904 0.253197 0.016304 0.023018
0 0.436701 0.281330 0.015345 0.023018
0 0.664003 0.276854 0.024936 0.019182
0 0.608376 0.358056 0.019182 0.028133
0 0.875000 0.292199 0.013427 0.019182
0 0.520620 0.490409 0.020141 0.024297
0 0.735454 0.393862 0.016304 0.030691
0 0.791560 0.680946 0.021100 0.019182
0 0.540761 0.780051 0.014386 0.033248
0 0.615569 0.816496 0.020141 0.019182
0 0.591113 0.991688 0.024936 0.016624