0 0.26253056234718825 0.15487132352941177 0.018948655256723717 0.04136029411764706
0 0.2701711491442543 0.19761029411764705 0.02078239608801956 0.03308823529411765
0 0.2555012224938875 0.20496323529411764 0.019559902200488997 0.03676470588235294
0 0.38508557457212717 0.3772977941176471 0.019559902200488997 0.03400735294117647
0 0.37102689486552565 0.3938419117647059 0.019559902200488997 0.04136029411764706
0 0.4083129584352078 0.3727022058823529 0.028117359413202935 0.03400735294117647
0 0.5394254278728606 0.27941176470588236 0.02750611246943765 0.03860294117647059
0 0.8270171149144254 0.5303308823529411 0.03300733496332518 0.03308823529411765
0 0.9630195599022005 0.5303308823529411 0.029951100244498777 0.03308823529411765
0 0.29492665036674814 0.8671875 0.02628361858190709 0.030330882352941176
0 0.24358190709046454 0.7964154411764706 0.023838630806845965 0.046875
0 0.10574572127139364 0.7238051470588235 0.028117359413202935 0.035845588235294115
