0 0.2830073349633252 0.22472426470588236 0.02444987775061125 0.035845588235294115
0 0.508557457212714 0.29641544117647056 0.023227383863080684 0.035845588235294115
0 0.7044621026894865 0.18566176470588236 0.02506112469437653 0.044117647058823525
0 0.8022616136919315 0.01838235294117647 0.02506112469437653 0.03308823529411765
0 0.5571515892420538 0.5602022058823529 0.0323960880195599 0.021139705882352942
0 0.5189486552567237 0.6135110294117647 0.02567237163814181 0.03768382352941176
0 0.7283007334963325 0.5882352941176471 0.021393643031784843 0.044117647058823525
0 0.8954767726161369 0.7385110294117647 0.018337408312958436 0.03952205882352941
0 0.4361246943765281 0.3786764705882353 0.02506112469437653 0.02389705882352941
0 0.4278728606356968 0.3984375 0.022004889975550123 0.03216911764705882
0 0.45354523227383864 0.4099264705882353 0.01589242053789731 0.04595588235294117
0 0.36613691931540343 0.4365808823529412 0.02078239608801956 0.03676470588235294
0 0.5498166259168704 0.4241727941176471 0.02506112469437653 0.030330882352941176
0 0.5042787286063569 0.5689338235294118 0.019559902200488997 0.04044117647058824
0 0.3878361858190709 0.5404411764705882 0.021393643031784843 0.04044117647058824
0 0.39731051344743273 0.5243566176470588 0.023227383863080684 0.035845588235294115
0 0.296760391198044 0.5330882352941176 0.02628361858190709 0.02022058823529412
0 0.26772616136919314 0.5689338235294118 0.029339853300733496 0.029411764705882353
0 0.2221882640586797 0.48253676470588236 0.023838630806845965 0.034926470588235295
