0 0.034847 0.199488 0.017263 0.028133
0 0.309143 0.168798 0.021100 0.017903
0 0.611253 0.069693 0.015345 0.024297
0 0.763267 0.066496 0.018223 0.017903
0 0.950767 0.078645 0.015345 0.024297
0 0.773817 0.145780 0.018223 0.020460
0 0.516784 0.210997 0.022059 0.023018
0 0.558983 0.232737 0.018223 0.025575
0 0.429028 0.307545 0.023018 0.031969
0 0.300512 0.426471 0.021100 0.026854
0 0.589674 0.406650 0.020141 0.030691
0 0.603581 0.535166 0.028772 0.021739
0 0.219949 0.693095 0.019182 0.040921
0 0.365249 0.983376 0.023977 0.020460