0 0.05165036674816626 0.19393382352941177 0.02750611246943765 0.029411764705882353
0 0.3367970660146699 0.3561580882352941 0.018337408312958436 0.03400735294117647
0 0.30103911980440096 0.3547794117647059 0.02750611246943765 0.02389705882352941
0 0.27995110024449876 0.3492647058823529 0.018337408312958436 0.03125
0 0.3389364303178484 0.2697610294117647 0.020171149144254278 0.03400735294117647
0 0.40342298288508555 0.32766544117647056 0.022004889975550123 0.03400735294117647
0 0.4012836185819071 0.35753676470588236 0.018948655256723717 0.029411764705882353
0 0.42940097799511 0.35753676470588236 0.020171149144254278 0.03308823529411765
0 0.5415647921760391 0.5597426470588235 0.02567237163814181 0.022058823529411763
0 0.1882640586797066 0.6884191176470588 0.018337408312958436 0.042279411764705885
0 0.7377750611246944 0.24724264705882354 0.02567237163814181 0.034926470588235295
0 0.8059290953545232 0.30744485294117646 0.020171149144254278 0.03400735294117647
0 0.7768948655256723 0.4329044117647059 0.022004889975550123 0.04963235294117647
0 0.9052567237163814 0.8897058823529411 0.035452322738386305 0.03308823529411765
