0 0.07946210268948656 0.23713235294117646 0.034229828850855744 0.03860294117647059
0 0.32365525672371637 0.08042279411764706 0.028728606356968216 0.02849264705882353
0 0.308679706601467 0.10799632352941177 0.02689486552567237 0.02849264705882353
0 0.33465770171149145 0.11397058823529412 0.018948655256723717 0.042279411764705885
0 0.3533007334963325 0.11626838235294118 0.028117359413202935 0.03216911764705882
0 0.7567237163814181 0.32306985294117646 0.028117359413202935 0.035845588235294115
0 0.8178484107579462 0.40900735294117646 0.02689486552567237 0.03860294117647059
0 0.7224938875305623 0.8336397058823529 0.02689486552567237 0.029411764705882353
0 0.8505501222493888 0.9140625 0.01650366748166259 0.04503676470588235
0 0.7237163814180929 0.9204963235294118 0.02567237163814181 0.024816176470588234
0 0.22157701711491443 0.7334558823529411 0.022616136919315404 0.05330882352941176
0 0.2817848410757946 0.6760110294117647 0.03300733496332518 0.030330882352941176
0 0.3141809290953545 0.050091911764705885 0.02078239608801956 0.030330882352941176
