0 0.5 0.0703125 0.028117359413202935 0.02849264705882353
0 0.6057457212713936 0.36213235294117646 0.02689486552567237 0.02389705882352941
0 0.6803178484107579 0.3772977941176471 0.030562347188264057 0.02849264705882353
0 0.8636919315403423 0.4954044117647059 0.029339853300733496 0.03676470588235294
0 0.9235941320293398 0.7284007352941176 0.035452322738386305 0.02849264705882353
0 0.5 0.5335477941176471 0.02078239608801956 0.03768382352941176
0 0.4779951100244499 0.5514705882352942 0.029339853300733496 0.022058823529411763
0 0.44682151589242053 0.5303308823529411 0.017114914425427872 0.03860294117647059
0 0.4553789731051345 0.4586397058823529 0.03300733496332518 0.029411764705882353
0 0.12561124694376527 0.5422794117647058 0.022616136919315404 0.03308823529411765
0 0.28545232273838633 0.9549632352941176 0.02444987775061125 0.03308823529411765
0 0.48991442542787283 0.8189338235294118 0.021393643031784843 0.034926470588235295
0 0.6616748166259169 0.6700367647058824 0.02628361858190709 0.027573529411764705
0 0.04339853300733496 0.4774816176470588 0.02689486552567237 0.02665441176470588
