0 0.3966992665036675 0.05330882352941176 0.02689486552567237 0.04044117647058824
0 0.573960880195599 0.2467830882352941 0.023227383863080684 0.03768382352941176
0 0.5806845965770171 0.2890625 0.023227383863080684 0.03216911764705882
0 0.40464547677261614 0.37454044117647056 0.022004889975550123 0.035845588235294115
0 0.29492665036674814 0.6162683823529411 0.02628361858190709 0.02849264705882353
0 0.4443765281173594 0.6020220588235294 0.03300733496332518 0.029411764705882353
0 0.4116748166259169 0.7357536764705882 0.02628361858190709 0.030330882352941176
0 0.2273838630806846 0.8777573529411764 0.030562347188264057 0.029411764705882353
0 0.08679706601466992 0.8207720588235294 0.028117359413202935 0.027573529411764705
0 0.06876528117359414 0.9237132352941176 0.020171149144254278 0.03860294117647059
0 0.8731662591687042 0.5997242647058824 0.01650366748166259 0.04503676470588235
0 0.956601466992665 0.7725183823529411 0.02689486552567237 0.035845588235294115
