0 0.16381418092909536 0.13648897058823528 0.023227383863080684 0.019301470588235295
0 0.17603911980440098 0.16222426470588236 0.023227383863080684 0.02665441176470588
0 0.2169926650366748 0.22380514705882354 0.018337408312958436 0.02849264705882353
0 0.18276283618581907 0.4131433823529412 0.023227383863080684 0.035845588235294115
0 0.06693154034229828 0.29090073529411764 0.020171149144254278 0.03400735294117647
0 0.36246943765281175 0.5574448529411765 0.02689486552567237 0.04136029411764706
0 0.24572127139364303 0.7265625 0.030562347188264057 0.02849264705882353
0 0.3429095354523227 0.8648897058823529 0.030562347188264057 0.03308823529411765
0 0.613997555012225 0.8042279411764706 0.028728606356968216 0.029411764705882353
0 0.6861246943765281 0.5739889705882353 0.028728606356968216 0.030330882352941176
0 0.9226772616136919 0.3212316176470588 0.02750611246943765 0.04503676470588235
0 0.8490220048899756 0.2306985294117647 0.030562347188264057 0.027573529411764705
0 0.593520782396088 0.2853860294117647 0.02689486552567237 0.02849264705882353
0 0.7475550122249389 0.09972426470588235 0.02689486552567237 0.030330882352941176
0 0.7710880195599022 0.028952205882352942 0.021393643031784843 0.035845588235294115
0 0.8621638141809291 0.17738970588235295 0.02628361858190709 0.03308823529411765
