0 0.1604523227383863 0.16314338235294118 0.022616136919315404 0.043198529411764705
0 0.3633863080684597 0.3258272058823529 0.02628361858190709 0.03216911764705882
0 0.5216992665036675 0.2688419117647059 0.02506112469437653 0.03400735294117647
0 0.5800733496332519 0.48621323529411764 0.01589242053789731 0.042279411764705885
0 0.5956601466992665 0.4522058823529412 0.018948655256723717 0.034926470588235295
0 0.9312347188264058 0.21966911764705882 0.022616136919315404 0.044117647058823525
0 0.9801344743276283 0.12362132352941177 0.02506112469437653 0.035845588235294115
0 0.8765281173594132 0.6594669117647058 0.023227383863080684 0.03400735294117647
0 0.8847799511002445 0.7146139705882353 0.02750611246943765 0.03216911764705882
0 0.6149144254278729 0.7941176470588235 0.030562347188264057 0.02389705882352941
0 0.3138753056234719 0.8837316176470588 0.028728606356968216 0.024816176470588234
0 0.12011002444987776 0.5317095588235294 0.017726161369193152 0.035845588235294115
0 0.11124694376528117 0.5597426470588235 0.019559902200488997 0.034926470588235295
0 0.09382640586797066 0.6181066176470588 0.022616136919315404 0.02849264705882353
0 0.20262836185819072 0.4954044117647059 0.017726161369193152 0.03860294117647059
0 0.23227383863080683 0.40625 0.023227383863080684 0.027573529411764705
0 0.2591687041564792 0.43704044117647056 0.01589242053789731 0.043198529411764705
0 0.28453545232273836 0.4710477941176471 0.02628361858190709 0.030330882352941176
0 0.30592909535452323 0.5179227941176471 0.015281173594132029 0.03768382352941176
0 0.3297677261613692 0.5827205882352942 0.017726161369193152 0.03308823529411765
0 0.3970048899755501 0.5822610294117647 0.018948655256723717 0.03952205882352941
0 0.45385085574572126 0.671875 0.021393643031784843 0.044117647058823525
0 0.44101466992665034 0.44806985294117646 0.01650366748166259 0.04871323529411765
0 0.34963325183374083 0.5 0.014669926650366748 0.03308823529411765
0 0.17420537897310515 0.009650735294117647 0.03300733496332518 0.017463235294117647
0 0.5421760391198044 0.5114889705882353 0.034229828850855744 0.03216911764705882
0 0.15158924205378974 0.5018382352941176 0.02078239608801956 0.04595588235294117
