0 0.6353911980440098 0.33318014705882354 0.02750611246943765 0.02849264705882353
0 0.6858190709046454 0.35799632352941174 0.02567237163814181 0.04503676470588235
0 0.9324572127139364 0.29044117647058826 0.0323960880195599 0.029411764705882353
0 0.941320293398533 0.44715073529411764 0.02444987775061125 0.03952205882352941
0 0.7408312958435208 0.5882352941176471 0.035452322738386305 0.03676470588235294
0 0.5819070904645477 0.5009191176470588 0.02444987775061125 0.04595588235294117
0 0.6347799511002445 0.6829044117647058 0.02506112469437653 0.029411764705882353
0 0.3484107579462103 0.8216911764705882 0.022004889975550123 0.04044117647058824
0 0.3508557457212714 0.9195772058823529 0.022004889975550123 0.04136029411764706
0 0.16962102689486552 0.6498161764705882 0.03361858190709047 0.03676470588235294
0 0.5152811735941321 0.0900735294117647 0.019559902200488997 0.03676470588235294
0 0.5540953545232273 0.1764705882352941 0.020171149144254278 0.03308823529411765
0 0.5495110024449877 0.20863970588235295 0.02444987775061125 0.03125
0 0.551039119804401 0.2463235294117647 0.029951100244498777 0.027573529411764705
