0 0.2658924205378973 0.14384191176470587 0.019559902200488997 0.03768382352941176
0 0.44559902200489 0.1723345588235294 0.02444987775061125 0.02849264705882353
0 0.3863080684596577 0.20404411764705882 0.017114914425427872 0.03676470588235294
0 0.37286063569682154 0.24402573529411764 0.02078239608801956 0.02665441176470588
0 0.42817848410757947 0.27849264705882354 0.02750611246943765 0.027573529411764705
0 0.2658924205378973 0.18244485294117646 0.023227383863080684 0.030330882352941176
0 0.2558068459657702 0.2109375 0.02628361858190709 0.022977941176470586
0 0.17603911980440098 0.21599264705882354 0.03178484107579462 0.02022058823529412
0 0.14333740831295844 0.20404411764705882 0.02506112469437653 0.027573529411764705
0 0.16534229828850855 0.2679227941176471 0.03606356968215159 0.021139705882352942
0 0.15678484107579463 0.234375 0.028728606356968216 0.029411764705882353
0 0.23074572127139364 0.46691176470588236 0.02628361858190709 0.03676470588235294
0 0.36613691931540343 0.3998161764705882 0.02078239608801956 0.04779411764705882
0 0.7833129584352079 0.31847426470588236 0.018948655256723717 0.043198529411764705
0 0.7720048899755502 0.6511948529411765 0.022004889975550123 0.04503676470588235
0 0.7992053789731052 0.6870404411764706 0.022616136919315404 0.03216911764705882
0 0.8074572127139364 0.8492647058823529 0.019559902200488997 0.04779411764705882
0 0.5406479217603912 0.9136029411764706 0.015281173594132029 0.042279411764705885
