0 0.3343520782396088 0.33088235294117646 0.02689486552567237 0.03308823529411765
0 0.281479217603912 0.2072610294117647 0.02750611246943765 0.02849264705882353
0 0.12377750611246943 0.31893382352941174 0.03117359413202934 0.02389705882352941
0 0.144559902200489 0.6383272058823529 0.0323960880195599 0.021139705882352942
0 0.41381418092909533 0.7095588235294118 0.014669926650366748 0.04595588235294117
0 0.4639364303178484 0.9159007352941176 0.019559902200488997 0.04503676470588235
0 0.43795843520782396 0.9535845588235294 0.028728606356968216 0.024816176470588234
0 0.7166870415647921 0.5574448529411765 0.014058679706601468 0.050551470588235295
0 0.746638141809291 0.3547794117647059 0.017726161369193152 0.042279411764705885
0 0.7035452322738386 0.3685661764705882 0.014669926650366748 0.04595588235294117
0 0.6182762836185819 0.32215073529411764 0.028728606356968216 0.02665441176470588
0 0.8792787286063569 0.47518382352941174 0.02506112469437653 0.025735294117647058
0 0.8615525672371638 0.15854779411764705 0.020171149144254278 0.05422794117647059
