0 0.23257946210268948 0.2541360294117647 0.020171149144254278 0.035845588235294115
0 0.44987775061124696 0.1920955882352941 0.019559902200488997 0.03860294117647059
0 0.4718826405867971 0.2467830882352941 0.02567237163814181 0.02665441176470588
0 0.6442542787286063 0.3998161764705882 0.030562347188264057 0.03308823529411765
0 0.4691320293398533 0.47380514705882354 0.029951100244498777 0.035845588235294115
0 0.48594132029339854 0.5404411764705882 0.02689486552567237 0.02389705882352941
0 0.41564792176039117 0.7155330882352942 0.02689486552567237 0.035845588235294115
0 0.45293398533007334 0.7164522058823529 0.028117359413202935 0.024816176470588234
0 0.495721271393643 0.7835477941176471 0.02567237163814181 0.03216911764705882
0 0.5201711491442543 0.7844669117647058 0.028117359413202935 0.03400735294117647
0 0.6619804400977995 0.7109375 0.017114914425427872 0.04136029411764706
0 0.7111858190709046 0.84375 0.0323960880195599 0.03676470588235294
