0 0.11246943765281174 0.1957720588235294 0.02567237163814181 0.04044117647058824
0 0.152200488997555 0.19761029411764705 0.02689486552567237 0.03125
0 0.017114914425427872 0.07720588235294118 0.022004889975550123 0.042279411764705885
0 0.32059902200489 0.02665441176470588 0.023838630806845965 0.03125
0 0.8704156479217604 0.08409926470588235 0.02444987775061125 0.030330882352941176
0 0.5455378973105135 0.46737132352941174 0.018948655256723717 0.04503676470588235
0 0.35513447432762835 0.37224264705882354 0.014669926650366748 0.042279411764705885
0 0.3621638141809291 0.4140625 0.03973105134474328 0.017463235294117647
0 0.5455378973105135 0.6525735294117647 0.0323960880195599 0.03125
0 0.5883251833740831 0.7132352941176471 0.022616136919315404 0.042279411764705885
0 0.7527506112469438 0.9034926470588235 0.02506112469437653 0.03676470588235294
