0 0.211317 0.426471 0.019182 0.031969
0 0.166720 0.478900 0.018223 0.037084
0 0.015185 0.528772 0.025895 0.026854
0 0.274616 0.695652 0.023018 0.025575
0 0.478900 0.478261 0.023018 0.023018
0 0.551311 0.377238 0.023977 0.035806
0 0.631394 0.501918 0.019182 0.021739
0 0.761349 0.439898 0.018223 0.028133
0 0.917199 0.056905 0.015345 0.034527
0 0.865409 0.489130 0.013427 0.037084
0 0.902334 0.539642 0.014386 0.033248
0 0.952206 0.510870 0.018223 0.031969
0 0.896100 0.598465 0.026854 0.023018
0 0.843830 0.863811 0.025895 0.024297