0 0.6133863080684596 0.27068014705882354 0.023838630806845965 0.03768382352941176
0 0.6182762836185819 0.31847426470588236 0.017726161369193152 0.03216911764705882
0 0.8242665036674817 0.10753676470588235 0.02506112469437653 0.03676470588235294
0 0.6460880195599022 0.5234375 0.018337408312958436 0.03400735294117647
0 0.6271393643031785 0.515625 0.018337408312958436 0.04595588235294117
0 0.8221271393643031 0.5726102941176471 0.019559902200488997 0.04595588235294117
0 0.2775061124694376 0.8262867647058824 0.030562347188264057 0.029411764705882353
0 0.16106356968215157 0.7113970588235294 0.028728606356968216 0.025735294117647058
0 0.28514669926650366 0.9549632352941176 0.02506112469437653 0.03676470588235294
0 0.1219437652811736 0.6070772058823529 0.02750611246943765 0.022977941176470586
0 0.44254278728606355 0.5928308823529411 0.02444987775061125 0.029411764705882353
