0 0.49663814180929094 0.23575367647058823 0.023838630806845965 0.02849264705882353
0 0.839242053789731 0.2578125 0.029339853300733496 0.03952205882352941
0 0.37102689486552565 0.5147058823529411 0.02444987775061125 0.025735294117647058
0 0.33007334963325186 0.5022977941176471 0.02567237163814181 0.030330882352941176
0 0.3199877750611247 0.6498161764705882 0.021393643031784843 0.04963235294117647
0 0.3756112469437653 0.7063419117647058 0.028728606356968216 0.02849264705882353
0 0.2273838630806846 0.5569852941176471 0.02078239608801956 0.042279411764705885
0 0.8040953545232273 0.5762867647058824 0.022616136919315404 0.03125
0 0.8798899755501223 0.6525735294117647 0.02628361858190709 0.03676470588235294
0 0.7542787286063569 0.5965073529411765 0.019559902200488997 0.03676470588235294
0 0.7301344743276283 0.5785845588235294 0.015281173594132029 0.043198529411764705
0 0.710880195599022 0.5776654411764706 0.022004889975550123 0.03400735294117647
0 0.7133251833740831 0.6139705882352942 0.017114914425427872 0.03308823529411765
0 0.6439486552567237 0.4728860294117647 0.02506112469437653 0.03216911764705882
0 0.3976161369193154 0.04044117647058824 0.02628361858190709 0.02022058823529412
