0 0.17787286063569682 0.3023897058823529 0.02444987775061125 0.03125
0 0.22921760391198043 0.3616727941176471 0.02444987775061125 0.02665441176470588
0 0.35360635696821513 0.20680147058823528 0.022616136919315404 0.04044117647058824
0 0.4996943765281174 0.1920955882352941 0.023838630806845965 0.03860294117647059
0 0.6586185819070904 0.2697610294117647 0.029951100244498777 0.02849264705882353
0 0.7652811735941321 0.44025735294117646 0.02444987775061125 0.03308823529411765
0 0.5950488997555012 0.4407169117647059 0.015281173594132029 0.03768382352941176
0 0.6497555012224939 0.46599264705882354 0.028117359413202935 0.03125
0 0.589242053789731 0.4852941176470588 0.029339853300733496 0.03125
0 0.1378361858190709 0.5790441176470588 0.020171149144254278 0.03860294117647059
0 0.3065403422982885 0.33318014705882354 0.02628361858190709 0.02665441176470588
0 0.9315403422982885 0.8079044117647058 0.02689486552567237 0.029411764705882353
0 0.9113691931540342 0.8400735294117647 0.022004889975550123 0.042279411764705885
0 0.04248166259168704 0.4007352941176471 0.020171149144254278 0.034926470588235295
0 0.9905256723716381 0.9434742647058824 0.018948655256723717 0.03952205882352941
