0 0.21515892420537897 0.1447610294117647 0.019559902200488997 0.04136029411764706
0 0.0895476772616137 0.1999080882352941 0.029951100244498777 0.021139705882352942
0 0.11613691931540342 0.4149816176470588 0.030562347188264057 0.03216911764705882
0 0.09535452322738386 0.47380514705882354 0.02689486552567237 0.03400735294117647
0 0.2603911980440098 0.4618566176470588 0.03178484107579462 0.024816176470588234
0 0.265281173594132 0.4958639705882353 0.030562347188264057 0.02849264705882353
0 0.2319682151589242 0.4696691176470588 0.02506112469437653 0.029411764705882353
0 0.7790342298288508 0.5193014705882353 0.022616136919315404 0.04779411764705882
0 0.8432151589242054 0.5873161764705882 0.03361858190709047 0.027573529411764705
0 0.7716992665036675 0.6488970588235294 0.021393643031784843 0.04044117647058824
0 0.9015892420537898 0.3193933823529412 0.029339853300733496 0.02849264705882353
0 0.6735941320293398 0.7964154411764706 0.022004889975550123 0.030330882352941176
0 0.6466992665036675 0.8515625 0.030562347188264057 0.03400735294117647
0 0.1100244498777506 0.9287683823529411 0.018337408312958436 0.043198529411764705
0 0.9700488997555012 0.9393382352941176 0.035452322738386305 0.03125
