0 0.1182762836185819 0.0661764705882353 0.02750611246943765 0.03676470588235294
0 0.03117359413202934 0.14935661764705882 0.029339853300733496 0.03400735294117647
0 0.18581907090464547 0.19623161764705882 0.029339853300733496 0.02849264705882353
0 0.39975550122249387 0.24494485294117646 0.039119804400977995 0.02665441176470588
0 0.2283007334963325 0.23621323529411764 0.02750611246943765 0.022058823529411763
0 0.331601466992665 0.3754595588235294 0.023838630806845965 0.03768382352941176
0 0.09810513447432763 0.4797794117647059 0.03484107579462103 0.025735294117647058
0 0.6738997555012225 0.22931985294117646 0.02750611246943765 0.024816176470588234
0 0.6589242053789731 0.38143382352941174 0.028117359413202935 0.03125
0 0.6601466992665037 0.5680147058823529 0.023227383863080684 0.027573529411764705
0 0.5699877750611247 0.5119485294117647 0.03361858190709047 0.016544117647058824
0 0.5455378973105135 0.5105698529411765 0.022616136919315404 0.024816176470588234
0 0.8062347188264058 0.5799632352941176 0.02567237163814181 0.03676470588235294
0 0.8404645476772616 0.6052389705882353 0.028117359413202935 0.035845588235294115
0 0.6485330073349633 0.6079963235294118 0.03300733496332518 0.024816176470588234
0 0.6589242053789731 0.6507352941176471 0.02689486552567237 0.034926470588235295
0 0.815403422982885 0.3915441176470588 0.02078239608801956 0.034926470588235295
0 0.3713325183374083 0.8740808823529411 0.028728606356968216 0.027573529411764705
0 0.20660146699266504 0.9048713235294118 0.030562347188264057 0.024816176470588234
0 0.8481051344743277 0.8791360294117647 0.023838630806845965 0.04136029411764706
0 0.6971271393643031 0.06571691176470588 0.028728606356968216 0.03216911764705882
