0 0.20201711491442542 0.02849264705882353 0.028728606356968216 0.027573529411764705
0 0.24327628361858192 0.1870404411764706 0.023227383863080684 0.03952205882352941
0 0.08496332518337409 0.5078125 0.029339853300733496 0.02849264705882353
0 0.5599022004889975 0.4696691176470588 0.023227383863080684 0.042279411764705885
0 0.6635085574572127 0.3014705882352941 0.020171149144254278 0.04044117647058824
0 0.6998777506112469 0.1488970588235294 0.02444987775061125 0.029411764705882353
0 0.7026283618581907 0.09283088235294118 0.014058679706601468 0.044117647058823525
0 0.6968215158924206 0.02389705882352941 0.028117359413202935 0.027573529411764705
0 0.53239608801956 0.6920955882352942 0.02078239608801956 0.04595588235294117
0 0.4758557457212714 0.7224264705882353 0.0323960880195599 0.027573529411764705
0 0.4828850855745721 0.7977941176470588 0.023227383863080684 0.042279411764705885
0 0.5910757946210269 0.9604779411764706 0.028117359413202935 0.034926470588235295
0 0.6763447432762836 0.9053308823529411 0.02506112469437653 0.04595588235294117
0 0.44162591687041564 0.8488051470588235 0.028728606356968216 0.02665441176470588
