0 0.176790 0.337596 0.019182 0.028133
0 0.194054 0.432225 0.019182 0.028133
0 0.230019 0.428389 0.022059 0.030691
0 0.112532 0.498721 0.019182 0.028133
0 0.148497 0.801790 0.022059 0.030691
0 0.252078 0.804348 0.018223 0.030691
0 0.217072 0.854859 0.030691 0.021739
0 0.613651 0.720588 0.018223 0.029412
0 0.409847 0.604220 0.021100 0.024297
0 0.535965 0.052430 0.014386 0.028133
0 0.558983 0.092072 0.016304 0.028133
0 0.755115 0.202046 0.015345 0.030691
0 0.816496 0.432225 0.019182 0.025575
0 0.927749 0.430946 0.021100 0.028133
0 0.945492 0.038363 0.020141 0.030691
0 0.962756 0.844629 0.023977 0.031969