0 0.7029339853300733 0.12224264705882353 0.022004889975550123 0.03125
0 0.6552567237163814 0.21323529411764705 0.014669926650366748 0.029411764705882353
0 0.24327628361858192 0.024816176470588234 0.013447432762836185 0.02389705882352941
0 0.10207823960880195 0.29963235294117646 0.013447432762836185 0.02389705882352941
0 0.33496332518337407 0.31893382352941174 0.01589242053789731 0.030330882352941176
0 0.558679706601467 0.5064338235294118 0.02078239608801956 0.03400735294117647
0 0.7768948655256723 0.5082720588235294 0.020171149144254278 0.030330882352941176
0 0.83679706601467 0.5349264705882353 0.018337408312958436 0.03125
0 0.1491442542787286 0.05514705882352941 0.020171149144254278 0.03308823529411765
0 0.7646699266503667 0.06985294117647059 0.01589242053789731 0.02665441176470588
0 0.01039119804400978 0.29963235294117646 0.013447432762836185 0.02389705882352941