0 0.379156 0.413043 0.024936 0.020460
0 0.584399 0.195652 0.017263 0.025575
0 0.740249 0.301790 0.022059 0.023018
0 0.864450 0.284527 0.015345 0.029412
0 0.980978 0.248721 0.014386 0.024297
0 0.673114 0.527494 0.022059 0.019182
0 0.554188 0.565857 0.023977 0.026854
0 0.092391 0.687340 0.021100 0.021739
0 0.129316 0.075448 0.018223 0.023018
0 0.532609 0.791560 0.017263 0.033248
0 0.722027 0.722506 0.018223 0.025575
0 0.761829 0.736573 0.024936 0.025575
0 0.871643 0.752558 0.016304 0.021739
0 0.257832 0.845908 0.022059 0.021739