0 0.6589242053789731 0.11764705882352941 0.019559902200488997 0.03125
0 0.41442542787286063 0.13419117647058823 0.018337408312958436 0.03860294117647059
0 0.2200488997555012 0.20955882352941177 0.018948655256723717 0.03308823529411765
0 0.6057457212713936 0.24908088235294118 0.021393643031784843 0.035845588235294115
0 0.7591687041564792 0.3704044117647059 0.01589242053789731 0.02665441176470588
0 0.3930317848410758 0.4384191176470588 0.023227383863080684 0.03768382352941176
0 0.7163814180929096 0.5487132352941176 0.017726161369193152 0.03125
0 0.6240831295843521 0.07720588235294118 0.018337408312958436 0.03768382352941176
0 0.5721271393643031 0.7840073529411765 0.01650366748166259 0.029411764705882353
0 0.45354523227383864 0.08363970588235294 0.020171149144254278 0.027573529411764705
0 0.16625916870415647 0.8621323529411765 0.02078239608801956 0.02665441176470588
0 0.38508557457212717 0.8731617647058824 0.02506112469437653 0.03125
0 0.5929095354523227 0.9770220588235294 0.017726161369193152 0.02665441176470588