0 0.5140586797066015 0.03170955882352941 0.017114914425427872 0.03768382352941176
0 0.5171149144254279 0.13924632352941177 0.02444987775061125 0.022977941176470586
0 0.21943765281173594 0.2977941176470588 0.022004889975550123 0.025735294117647058
0 0.08496332518337409 0.41360294117647056 0.02444987775061125 0.02389705882352941
0 0.2469437652811736 0.4181985294117647 0.017114914425427872 0.029411764705882353
0 0.2197432762836186 0.4163602941176471 0.018948655256723717 0.027573529411764705
0 0.20354523227383864 0.375 0.023227383863080684 0.01838235294117647
0 0.5791564792176039 0.5454963235294118 0.017726161369193152 0.03768382352941176
0 0.6152200488997555 0.6291360294117647 0.014058679706601468 0.03768382352941176
0 0.6020782396088019 0.6452205882352942 0.013447432762836185 0.034926470588235295
0 0.5861858190709046 0.6240808823529411 0.014669926650366748 0.03125
0 0.7863691931540342 0.6521139705882353 0.017726161369193152 0.04136029411764706
0 0.894559902200489 0.5252757352941176 0.022616136919315404 0.03400735294117647
0 0.867359413202934 0.32674632352941174 0.028117359413202935 0.030330882352941176
0 0.581601466992665 0.9025735294117647 0.03117359413202934 0.029411764705882353
0 0.1965158924205379 0.47931985294117646 0.03117359413202934 0.030330882352941176
