0 0.100543 0.246803 0.018223 0.028133
0 0.196931 0.140026 0.024936 0.026854
0 0.106298 0.501279 0.018223 0.035806
0 0.233376 0.648977 0.023018 0.026854
0 0.457801 0.645141 0.024936 0.026854
0 0.494246 0.523657 0.015345 0.031969
0 0.487532 0.425831 0.028772 0.025575
0 0.434783 0.536445 0.019182 0.034527
0 0.523018 0.850384 0.015345 0.033248
0 0.364290 0.902174 0.014386 0.026854
0 0.408887 0.983376 0.015345 0.030691
0 0.785326 0.868286 0.027813 0.030691
0 0.487052 0.189898 0.022059 0.024297
0 0.440537 0.123402 0.013427 0.031969
0 0.395940 0.036445 0.020141 0.026854
0 0.553708 0.023657 0.011509 0.034527
0 0.571931 0.080563 0.023018 0.023018
0 0.594949 0.101662 0.019182 0.034527
0 0.869725 0.046036 0.020141 0.030691