0 0.128357 0.109974 0.025895 0.023018
0 0.016145 0.218670 0.023977 0.025575
0 0.082801 0.329923 0.026854 0.017903
0 0.177749 0.301151 0.015345 0.034527
0 0.278932 0.190537 0.016304 0.035806
0 0.350384 0.228261 0.015345 0.037084
0 0.414162 0.121483 0.014386 0.030691
0 0.539322 0.174552 0.015345 0.039642
0 0.545556 0.244246 0.031650 0.025575
0 0.591592 0.051151 0.041240 0.025575
0 0.595428 0.071611 0.020141 0.025575
0 0.238171 0.378517 0.015345 0.023018
0 0.327845 0.510870 0.014386 0.034527
0 0.415601 0.439898 0.024936 0.017903
0 0.236253 0.398338 0.013427 0.029412
0 0.625639 0.358696 0.034527 0.024297
0 0.880275 0.403453 0.025895 0.021739
0 0.826566 0.211637 0.023977 0.024297
0 0.393542 0.703325 0.015345 0.033248
0 0.921995 0.593350 0.023018 0.033248
0 0.907129 0.670077 0.022059 0.043478
0 0.826087 0.687340 0.023018 0.026854
0 0.765665 0.730818 0.017263 0.034527
0 0.972826 0.839514 0.026854 0.021739
0 0.554668 0.716113 0.017263 0.033248
0 0.489450 0.634910 0.017263 0.037084
0 0.476503 0.761509 0.016304 0.037084
0 0.428549 0.853581 0.025895 0.016624
0 0.476023 0.924552 0.024936 0.025575
0 0.500000 0.962916 0.023018 0.028133
0 0.192136 0.898338 0.024936 0.026854
0 0.060262 0.560742 0.018223 0.021739
0 0.149936 0.652813 0.023018 0.021739
0 0.183504 0.959079 0.023018 0.025575
0 0.066017 0.905371 0.016304 0.023018
0 0.558504 0.477621 0.026854 0.029412
0 0.746004 0.010230 0.025895 0.020460