0 0.218031 0.390665 0.023018 0.021739
0 0.263107 0.455882 0.017263 0.021739
0 0.217551 0.496803 0.018223 0.021739
0 0.113012 0.620844 0.016304 0.021739
0 0.295716 0.496164 0.019182 0.023018
0 0.362852 0.638747 0.021100 0.029412
0 0.492807 0.677749 0.022059 0.023018
0 0.588715 0.664962 0.008632 0.025575
0 0.744565 0.580563 0.011509 0.025575
0 0.831841 0.705882 0.017263 0.023018
0 0.917199 0.767903 0.013427 0.029412
0 0.587756 0.646419 0.010550 0.019182
0 0.901854 0.865090 0.021100 0.024297
0 0.770940 0.952046 0.020141 0.024297
0 0.506234 0.960358 0.010550 0.038363
0 0.019501 0.908568 0.021100 0.019182
0 0.756554 0.239130 0.022059 0.023018
0 0.693254 0.146419 0.010550 0.024297
0 0.573370 0.428389 0.022059 0.020460
0 0.371483 0.485294 0.024936 0.021739
0 0.139866 0.549872 0.018223 0.015345
0 0.148497 0.650895 0.022059 0.020460
0 0.336477 0.070972 0.016304 0.029412
0 0.971387 0.505754 0.016304 0.031969