0 0.108216 0.049233 0.022059 0.021739
0 0.177749 0.460997 0.021100 0.026854
0 0.362852 0.587596 0.019182 0.019182
0 0.237692 0.542199 0.020141 0.028133
0 0.402653 0.585678 0.016304 0.025575
0 0.493286 0.531330 0.015345 0.031969
0 0.469309 0.265985 0.023018 0.023018
0 0.393542 0.111253 0.015345 0.025575
0 0.517743 0.165601 0.018223 0.024297
0 0.624680 0.069054 0.015345 0.030691
0 0.614610 0.274936 0.020141 0.023018
0 0.591113 0.336317 0.019182 0.025575
0 0.648178 0.328645 0.027813 0.023018
0 0.585838 0.543478 0.016304 0.025575
0 0.550352 0.590153 0.012468 0.039642
0 0.619405 0.630435 0.022059 0.023018
0 0.483216 0.697570 0.025895 0.024297
0 0.483216 0.780051 0.022059 0.025575
0 0.375799 0.767263 0.016304 0.028133
0 0.276535 0.758312 0.013427 0.028133
0 0.446292 0.843350 0.019182 0.026854
0 0.446771 0.802430 0.018223 0.024297
0 0.609815 0.900256 0.012468 0.033248
0 0.431905 0.941176 0.028772 0.015345
0 0.060742 0.867647 0.026854 0.021739
0 0.592551 0.989770 0.029731 0.020460
0 0.755115 0.976343 0.023018 0.029412
0 0.827526 0.663683 0.020141 0.028133
0 0.958919 0.686061 0.027813 0.024297
0 0.933504 0.569693 0.017263 0.024297
0 0.831841 0.458440 0.026854 0.029412
0 0.957481 0.248082 0.021100 0.023018