0 0.124520 0.248721 0.020141 0.029412
0 0.128357 0.320332 0.020141 0.024297
0 0.047315 0.381074 0.017263 0.023018
0 0.116848 0.442455 0.022059 0.025575
0 0.153293 0.580563 0.020141 0.020460
0 0.315857 0.613171 0.017263 0.026854
0 0.242008 0.915601 0.021100 0.035806
0 0.486573 0.932225 0.017263 0.025575
0 0.511029 0.984655 0.027813 0.017903
0 0.801151 0.684143 0.019182 0.033248
0 0.964194 0.599105 0.017263 0.029412
0 0.987372 0.663043 0.025256 0.021739
0 0.980978 0.418798 0.025895 0.026854
0 0.819373 0.170716 0.019182 0.029412
0 0.752238 0.183504 0.015345 0.031969
0 0.737372 0.352302 0.014386 0.029412
0 0.627558 0.374680 0.023018 0.020460
0 0.500959 0.306266 0.015345 0.034527
0 0.447251 0.163043 0.024936 0.026854