0 0.306266 0.230818 0.024936 0.016624
0 0.301471 0.185422 0.023018 0.017903
0 0.311061 0.123402 0.017263 0.037084
0 0.110134 0.051151 0.025895 0.017903
0 0.488012 0.053069 0.022059 0.019182
0 0.592072 0.096547 0.015345 0.029412
0 0.426630 0.209719 0.018223 0.028133
0 0.760390 0.407928 0.022059 0.028133
0 0.769022 0.473785 0.020141 0.037084
0 0.884591 0.637468 0.017263 0.034527
0 0.980019 0.747442 0.029731 0.019182
0 0.664482 0.606138 0.029731 0.025575
0 0.789642 0.826726 0.023018 0.019182
0 0.541720 0.469309 0.023977 0.025575
0 0.314898 0.647698 0.015345 0.029412
0 0.261669 0.709719 0.023977 0.023018
0 0.258792 0.918159 0.014386 0.035806
0 0.038683 0.797954 0.017263 0.028133
0 0.276055 0.379795 0.025895 0.020460
0 0.469309 0.011509 0.017263 0.023018
0 0.408887 0.066496 0.015345 0.028133
0 0.982417 0.147698 0.013427 0.034527
0 0.765665 0.287724 0.024936 0.025575
0 0.896579 0.869565 0.016304 0.033248
0 0.103421 0.991049 0.022059 0.017902
0 0.544597 0.562660 0.016304 0.023018