0 0.22035452322738386 0.3147977941176471 0.0323960880195599 0.024816176470588234
0 0.43123471882640585 0.19117647058823528 0.017726161369193152 0.034926470588235295
0 0.5794621026894865 0.4802389705882353 0.030562347188264057 0.030330882352941176
0 0.6827628361858191 0.42693014705882354 0.014669926650366748 0.035845588235294115
0 0.7014058679706602 0.47150735294117646 0.020171149144254278 0.02389705882352941
0 0.7356356968215159 0.43704044117647056 0.020171149144254278 0.030330882352941176
0 0.7979828850855746 0.47931985294117646 0.021393643031784843 0.030330882352941176
0 0.8199877750611247 0.4797794117647059 0.023838630806845965 0.03125
0 0.7918704156479217 0.5735294117647058 0.01650366748166259 0.04044117647058824
0 0.8150977995110025 0.2610294117647059 0.01650366748166259 0.044117647058823525
0 0.7723105134474327 0.9503676470588235 0.021393643031784843 0.029411764705882353
