0 0.218031 0.088235 0.019182 0.030691
0 0.332161 0.070332 0.021100 0.023018
0 0.473625 0.150256 0.016304 0.024297
0 0.475543 0.211637 0.014386 0.029412
0 0.735934 0.083760 0.023018 0.029412
0 0.925831 0.157289 0.024936 0.028133
0 0.958919 0.308824 0.020141 0.034527
0 0.732577 0.243606 0.020141 0.031969
0 0.863971 0.274936 0.014386 0.028133
0 0.624680 0.436701 0.023018 0.021739
0 0.733056 0.470588 0.024936 0.025575
0 0.426630 0.287084 0.020141 0.021739
0 0.286605 0.182864 0.018223 0.025575
0 0.182065 0.412404 0.020141 0.029412
0 0.100543 0.496164 0.016304 0.028133
0 0.225224 0.532609 0.027813 0.024297
0 0.331202 0.648977 0.021100 0.031969
0 0.380595 0.622123 0.020141 0.021739
0 0.424233 0.602941 0.015345 0.029412
0 0.633312 0.643862 0.019182 0.031969
0 0.630914 0.703964 0.014386 0.031969
0 0.719629 0.760230 0.017263 0.029412
0 0.784847 0.906010 0.021100 0.026854
0 0.473625 0.895141 0.027813 0.023018
0 0.445332 0.902813 0.021100 0.030691
0 0.539802 0.986573 0.018223 0.026854
0 0.178229 0.914322 0.022059 0.020460
0 0.211317 0.947570 0.026854 0.023018
0 0.038683 0.702046 0.021100 0.028133