0 0.197410 0.669437 0.016304 0.034527
0 0.214194 0.698210 0.023018 0.028133
0 0.757513 0.066496 0.023977 0.025575
0 0.626598 0.124680 0.017263 0.034527
0 0.934942 0.187340 0.033568 0.024297
0 0.611733 0.292199 0.023977 0.026854
0 0.715793 0.369565 0.026854 0.025575
0 0.795876 0.398977 0.027813 0.028133
0 0.855339 0.498721 0.016304 0.030691
0 0.868766 0.486573 0.010550 0.037084
0 0.689418 0.524297 0.014386 0.035806
0 0.820812 0.585678 0.016304 0.043478
0 0.973306 0.725064 0.031650 0.028133
0 0.973306 0.937340 0.016304 0.038363
0 0.681266 0.917519 0.023018 0.026854
0 0.565217 0.902813 0.030691 0.030691
0 0.625160 0.840153 0.016304 0.035806
0 0.618926 0.737212 0.017263 0.031969
0 0.574329 0.645780 0.029731 0.030691
0 0.470269 0.602302 0.028772 0.023018
0 0.464514 0.642583 0.013427 0.037084
0 0.390185 0.652813 0.020141 0.034527
0 0.711957 0.797954 0.028772 0.030691
0 0.724904 0.905371 0.025895 0.028133