0 0.8453545232273839 0.17647058823529413 0.02506112469437653 0.030330882352941176
0 0.5152811735941321 0.2509191176470588 0.022004889975550123 0.03400735294117647
0 0.5152811735941321 0.2545955882352941 0.021393643031784843 0.03676470588235294
0 0.9180929095354523 0.29871323529411764 0.020171149144254278 0.030330882352941176
0 0.636919315403423 0.3556985294117647 0.023838630806845965 0.029411764705882353
0 0.2982885085574572 0.45036764705882354 0.019559902200488997 0.029411764705882353
0 0.5574572127139364 0.5413602941176471 0.015281173594132029 0.03400735294117647
0 0.4443765281173594 0.6038602941176471 0.017114914425427872 0.02849264705882353
0 0.33312958435207823 0.6130514705882353 0.022616136919315404 0.02849264705882353
0 0.14180929095354522 0.6222426470588235 0.018948655256723717 0.03308823529411765
0 0.9309290953545232 0.6323529411764706 0.014058679706601468 0.03400735294117647
0 0.7127139364303179 0.640625 0.01650366748166259 0.02849264705882353
0 0.5641809290953546 0.6700367647058824 0.01650366748166259 0.02297794117647059
0 0.49144254278728605 0.6920955882352942 0.02444987775061125 0.02389705882352941
0 0.32273838630806845 0.6994485294117647 0.01589242053789731 0.034926470588235295
0 0.6937652811735942 0.7049632352941176 0.014669926650366748 0.03125
0 0.6246943765281173 0.7123161764705882 0.015281173594132029 0.02389705882352941
0 0.508557457212714 0.7398897058823529 0.017114914425427872 0.03216911764705882
0 0.30378973105134477 0.7463235294117647 0.022616136919315404 0.02849264705882353
0 0.5330073349633252 0.7610294117647058 0.023838630806845965 0.030330882352941176
0 0.23471882640586797 0.7895220588235294 0.020171149144254278 0.03952205882352941
0 0.96760391198044 0.29871323529411764 0.020171149144254278 0.030330882352941176
0 0.9547677261613692 0.6323529411764706 0.014058679706601468 0.03400735294117647