0 0.23808068459657702 0.19898897058823528 0.018948655256723717 0.03216911764705882
0 0.3150977995110024 0.3676470588235294 0.023838630806845965 0.03125
0 0.2741442542787286 0.35891544117647056 0.023838630806845965 0.021139705882352942
0 0.35666259168704156 0.5767463235294118 0.018948655256723717 0.04503676470588235
0 0.3322127139364303 0.4476102941176471 0.017726161369193152 0.03308823529411765
0 0.3105134474327628 0.4209558823529412 0.014669926650366748 0.029411764705882353
0 0.24511002444987776 0.4273897058823529 0.022004889975550123 0.03308823529411765
0 0.12530562347188265 0.5818014705882353 0.018337408312958436 0.034926470588235295
0 0.085880195599022 0.5873161764705882 0.021393643031784843 0.029411764705882353
0 0.0843520782396088 0.6369485294117647 0.019559902200488997 0.034926470588235295
0 0.03484107579462103 0.7637867647058824 0.02444987775061125 0.027573529411764705
0 0.3756112469437653 0.40487132352941174 0.017726161369193152 0.03768382352941176
0 0.2875916870415648 0.4352022058823529 0.023838630806845965 0.022977941176470586
0 0.8878361858190709 0.12178308823529412 0.01650366748166259 0.04503676470588235
0 0.9248166259168704 0.09604779411764705 0.017114914425427872 0.02849264705882353
0 0.9462102689486552 0.07674632352941177 0.02444987775061125 0.02665441176470588
0 0.8025672371638142 0.21323529411764705 0.022004889975550123 0.027573529411764705
0 0.7726161369193154 0.33547794117647056 0.028117359413202935 0.025735294117647058
0 0.7383863080684596 0.4462316176470588 0.022004889975550123 0.02665441176470588
0 0.8474938875305623 0.45909926470588236 0.018948655256723717 0.03952205882352941
0 0.9226772616136919 0.7123161764705882 0.017726161369193152 0.03860294117647059
0 0.8322127139364303 0.5845588235294118 0.020171149144254278 0.034926470588235295
0 0.8007334963325183 0.5836397058823529 0.023227383863080684 0.027573529411764705
0 0.7582518337408313 0.7072610294117647 0.029951100244498777 0.030330882352941176
0 0.7866748166259169 0.6199448529411765 0.011002444987775062 0.02849264705882353
0 0.8004278728606357 0.6167279411764706 0.01039119804400978 0.029411764705882353
