0 0.325448 0.179028 0.017263 0.028133
0 0.205083 0.120844 0.016304 0.021739
0 0.143223 0.134271 0.015345 0.023018
0 0.495205 0.248082 0.015345 0.023018
0 0.520141 0.267903 0.019182 0.021739
0 0.485134 0.285166 0.016304 0.020460
0 0.292359 0.609335 0.022059 0.019182
0 0.069853 0.619565 0.023977 0.019182
0 0.371004 0.844629 0.020141 0.021739
0 0.620844 0.703964 0.019182 0.034527
0 0.826087 0.576087 0.013427 0.031969
0 0.957481 0.326726 0.021100 0.016624
0 0.961797 0.751279 0.018223 0.021739
0 0.886509 0.852302 0.013427 0.029412
0 0.762788 0.952046 0.019182 0.026854
0 0.858216 0.969949 0.025895 0.019182
0 0.577685 0.919437 0.019182 0.025575
0 0.368127 0.930307 0.014386 0.019182
0 0.326407 0.967391 0.019182 0.021739