0 0.230499 0.468670 0.015345 0.024297
0 0.221867 0.534527 0.011509 0.033248
0 0.404572 0.439898 0.012468 0.033248
0 0.418958 0.485294 0.014386 0.031969
0 0.490889 0.339514 0.018223 0.029412
0 0.521579 0.384271 0.018223 0.016624
0 0.366208 0.090153 0.016304 0.024297
0 0.387788 0.098465 0.023018 0.020460
0 0.502398 0.032609 0.022059 0.021739
0 0.252078 0.051151 0.022059 0.023018
0 0.364770 0.588235 0.023018 0.030691
0 0.478421 0.693095 0.027813 0.023018
0 0.371963 0.751279 0.018223 0.031969
0 0.539802 0.847826 0.014386 0.033248
0 0.325448 0.929028 0.015345 0.024297
0 0.063139 0.867008 0.022059 0.023018
0 0.643382 0.852302 0.020141 0.026854
0 0.528772 0.932864 0.017263 0.026854
0 0.603581 0.966752 0.024936 0.023018
0 0.727781 0.755115 0.012468 0.029412
0 0.835198 0.578645 0.020141 0.021739
0 0.822730 0.663043 0.018223 0.026854
0 0.963235 0.536445 0.017263 0.026854
0 0.935902 0.690537 0.018223 0.023018
0 0.986253 0.721228 0.015345 0.028133
0 0.964194 0.855499 0.017263 0.033248
0 0.857257 0.843350 0.014386 0.024297
0 0.869725 0.984655 0.016304 0.030690
0 0.772858 0.092072 0.022059 0.023018