0 0.337916 0.150256 0.017263 0.024297
0 0.351822 0.234015 0.016304 0.028133
0 0.627558 0.070972 0.017263 0.029412
0 0.811221 0.476982 0.029731 0.020460
0 0.922954 0.534527 0.015345 0.023018
0 0.938779 0.531969 0.022059 0.023018
0 0.965633 0.647698 0.018223 0.026854
0 0.670237 0.856777 0.022059 0.030691
0 0.312980 0.620844 0.019182 0.019182
0 0.066976 0.592711 0.025895 0.021739
0 0.207481 0.685422 0.019182 0.020460
0 0.183983 0.826726 0.016304 0.029412
0 0.304348 0.987212 0.021100 0.025575
0 0.471228 0.921995 0.023018 0.020460