0 0.018542 0.311381 0.013427 0.024297
0 0.007353 0.127238 0.014706 0.024297
0 0.318254 0.390026 0.020141 0.030691
0 0.571931 0.345269 0.023018 0.023018
0 0.519661 0.428389 0.012468 0.030691
0 0.498561 0.430307 0.014386 0.034527
0 0.624680 0.601662 0.023018 0.021739
0 0.494246 0.696292 0.024936 0.029412
0 0.125959 0.576726 0.023018 0.023018
0 0.206522 0.820972 0.017263 0.030691
0 0.410326 0.929028 0.014386 0.031969
0 0.500959 0.836957 0.019182 0.037084
0 0.613171 0.825448 0.023018 0.021739
0 0.713875 0.930946 0.019182 0.025575
0 0.852941 0.815217 0.019182 0.034527
0 0.814578 0.723785 0.019182 0.023018
0 0.910965 0.085678 0.018223 0.028133