0 0.293798 0.190537 0.019182 0.028133
0 0.318734 0.042839 0.017263 0.024297
0 0.531170 0.032609 0.022059 0.021739
0 0.512948 0.221228 0.018223 0.028133
0 0.556586 0.263427 0.015345 0.028133
0 0.528772 0.310102 0.026854 0.024297
0 0.596867 0.357417 0.017263 0.021739
0 0.613171 0.387468 0.011509 0.035806
0 0.712916 0.328645 0.013427 0.023018
0 0.721068 0.363171 0.018223 0.033248
0 0.745045 0.367647 0.018223 0.019182
0 0.828005 0.332481 0.015345 0.017903
0 0.840473 0.319693 0.015345 0.020460
0 0.750799 0.180307 0.022059 0.028133
0 0.306746 0.418159 0.020141 0.020460
0 0.219469 0.525575 0.016304 0.030691
0 0.159047 0.617647 0.014386 0.033248
0 0.121164 0.734655 0.026854 0.031969
0 0.041081 0.741049 0.020141 0.024297
0 0.422794 0.494246 0.020141 0.029412
0 0.658728 0.610614 0.014386 0.031969
0 0.801151 0.558824 0.013427 0.030691
0 0.884591 0.559463 0.017263 0.026854
0 0.814098 0.647059 0.016304 0.030691
0 0.769501 0.704604 0.019182 0.028133
0 0.687020 0.687980 0.017263 0.025575
0 0.527813 0.716113 0.015345 0.030691
0 0.372922 0.846547 0.023977 0.028133
0 0.470748 0.854859 0.016304 0.026854
0 0.563779 0.866368 0.018223 0.031969
0 0.315377 0.255115 0.016304 0.026854
0 0.071292 0.132353 0.023018 0.024297
0 0.245364 0.866368 0.022059 0.029412
0 0.147059 0.877877 0.024936 0.029412
0 0.197890 0.919437 0.017263 0.023018
0 0.214674 0.979540 0.016304 0.020460
0 0.200767 0.980818 0.017263 0.023018
0 0.116848 0.967391 0.023977 0.031969
0 0.383472 0.896419 0.020141 0.025575
0 0.383472 0.921995 0.025895 0.025575
0 0.447730 0.890665 0.012468 0.034527
0 0.566176 0.975064 0.017263 0.031969
0 0.810262 0.742327 0.018223 0.029412
0 0.804028 0.794118 0.017263 0.035806
0 0.824648 0.413043 0.018223 0.030691
0 0.927749 0.285806 0.017263 0.031969