0 0.177749 0.257673 0.024936 0.021739
0 0.108216 0.294118 0.014386 0.030691
0 0.533088 0.356138 0.023977 0.021739
0 0.605019 0.425192 0.018223 0.024297
0 0.666880 0.218031 0.015345 0.029412
0 0.720109 0.312020 0.022059 0.025575
0 0.887948 0.476982 0.025895 0.030691
0 0.593990 0.754476 0.015345 0.030691
0 0.409367 0.726982 0.018223 0.029412
0 0.353261 0.629795 0.017263 0.029412
0 0.300991 0.724425 0.027813 0.014066
0 0.297155 0.738491 0.008632 0.019182
0 0.376279 0.835678 0.024936 0.024297
0 0.466912 0.882353 0.016304 0.028133
0 0.493286 0.942455 0.015345 0.033248
0 0.304348 0.965473 0.015345 0.028133
0 0.280850 0.971228 0.023977 0.026854
0 0.174393 0.826726 0.027813 0.024297
0 0.133152 0.744885 0.018223 0.029412
0 0.133632 0.565857 0.024936 0.021739
0 0.267423 0.012148 0.025895 0.024296