0 0.237692 0.362532 0.023977 0.021739
0 0.453964 0.143862 0.019182 0.026854
0 0.461637 0.228900 0.021100 0.035806
0 0.613171 0.176471 0.019182 0.025575
0 0.856298 0.047315 0.023977 0.025575
0 0.821292 0.316496 0.023018 0.034527
0 0.510550 0.439258 0.024936 0.034527
0 0.773817 0.506394 0.020141 0.035806
0 0.988651 0.485294 0.018223 0.031969
0 0.198849 0.441176 0.030691 0.023018
0 0.482737 0.294757 0.024936 0.021739
0 0.061701 0.547315 0.028772 0.020460
0 0.032449 0.586957 0.033568 0.020460
0 0.184463 0.586957 0.017263 0.035806
0 0.148977 0.705882 0.023018 0.033248
0 0.014706 0.725703 0.019182 0.029412
0 0.030051 0.842711 0.017263 0.028133
0 0.030051 0.883632 0.028772 0.020460
0 0.474584 0.771100 0.027813 0.023018
0 0.462596 0.476982 0.019182 0.030691
0 0.742647 0.648977 0.021100 0.024297
0 0.748881 0.799872 0.016304 0.031969
0 0.786285 0.905371 0.016304 0.040921
0 0.895620 0.934143 0.022059 0.029412
0 0.965153 0.794757 0.019182 0.034527