0 0.014066 0.195013 0.028132 0.024297
0 0.005914 0.285806 0.011828 0.034527
0 0.088555 0.212276 0.017263 0.033248
0 0.210358 0.159847 0.015345 0.028133
0 0.188299 0.049233 0.019182 0.019182
0 0.214674 0.074169 0.025895 0.035806
0 0.354220 0.096547 0.021100 0.021739
0 0.458280 0.013427 0.014386 0.026854
0 0.746963 0.024297 0.023977 0.025575
0 0.439098 0.137468 0.016304 0.034527
0 0.285646 0.245524 0.016304 0.030691
0 0.358536 0.182864 0.016304 0.033248
0 0.447730 0.242967 0.022059 0.033248
0 0.260710 0.328645 0.020141 0.033248
0 0.210838 0.409207 0.018223 0.040921
0 0.450607 0.451407 0.025895 0.020460
0 0.479380 0.438619 0.022059 0.028133
0 0.357097 0.457161 0.023018 0.031969
0 0.481777 0.515345 0.015345 0.035806
0 0.629955 0.154731 0.020141 0.035806
0 0.543159 0.187980 0.023018 0.023018
0 0.600224 0.326087 0.018223 0.035806
0 0.661605 0.363811 0.014386 0.037084
0 0.714834 0.429028 0.024936 0.021739
0 0.680307 0.492967 0.024936 0.021739
0 0.705723 0.583760 0.014386 0.034527
0 0.775735 0.262148 0.020141 0.023018
0 0.942136 0.150895 0.019182 0.030691
0 0.806426 0.312660 0.025895 0.029412
0 0.868766 0.342711 0.025895 0.025575
0 0.863491 0.448849 0.023018 0.046036
0 0.966592 0.506394 0.018223 0.025575
0 0.889866 0.541560 0.020141 0.024297
0 0.834239 0.558824 0.018223 0.028133
0 0.907609 0.671995 0.015345 0.037084
0 0.983376 0.980179 0.017263 0.039642
0 0.619405 0.769821 0.020141 0.030691
0 0.447730 0.671995 0.018223 0.029412
0 0.366208 0.662404 0.022059 0.033248
0 0.284687 0.707161 0.023977 0.025575
0 0.212756 0.763427 0.016304 0.038363
0 0.163843 0.741688 0.023977 0.028133
0 0.149936 0.957801 0.015345 0.030691
0 0.232417 0.964194 0.028772 0.038363