0 0.217551 0.174552 0.016304 0.029412
0 0.194054 0.102941 0.019182 0.021739
0 0.261669 0.062020 0.020141 0.024297
0 0.283248 0.139386 0.023018 0.023018
0 0.042999 0.284527 0.020141 0.026854
0 0.440537 0.189258 0.017263 0.030691
0 0.342711 0.297315 0.024936 0.019182
0 0.261189 0.450128 0.042199 0.025575
0 0.412724 0.363811 0.017263 0.029412
0 0.512948 0.353581 0.022059 0.021739
0 0.526375 0.280051 0.023977 0.020460
0 0.876439 0.261509 0.016304 0.034527
0 0.894661 0.333760 0.018223 0.033248
0 0.945013 0.382992 0.024936 0.026854
0 0.901854 0.023657 0.026854 0.019182
0 0.870684 0.046036 0.020141 0.023018
0 0.664482 0.702046 0.025895 0.020460
0 0.724425 0.796675 0.026854 0.017903
0 0.569054 0.758312 0.017263 0.033248
0 0.461157 0.770460 0.025895 0.019182
0 0.516784 0.849744 0.016304 0.034527
0 0.632353 0.945652 0.026854 0.019182
0 0.603101 0.957801 0.022059 0.017903
0 0.619405 0.975064 0.016304 0.029412
0 0.401215 0.983376 0.019182 0.033248
0 0.489930 0.989130 0.022059 0.021739
0 0.088075 0.867008 0.023977 0.020460
0 0.129795 0.921995 0.019182 0.028133