0 0.134111 0.246164 0.018223 0.031969
0 0.015185 0.613811 0.020141 0.028133
0 0.327845 0.333760 0.022059 0.020460
0 0.316816 0.287724 0.024936 0.033248
0 0.391145 0.205882 0.025895 0.028133
0 0.303389 0.064578 0.028772 0.024297
0 0.398817 0.017903 0.022059 0.035806
0 0.593510 0.130435 0.029731 0.023018
0 0.981458 0.017263 0.023018 0.034526
0 0.734495 0.237212 0.020141 0.037084
0 0.601662 0.263427 0.019182 0.035806
0 0.569533 0.330563 0.023977 0.024297
0 0.704284 0.487852 0.034527 0.024297
0 0.784367 0.486573 0.023977 0.044757
0 0.947410 0.664962 0.022059 0.025575
0 0.409367 0.597187 0.027813 0.025575
0 0.383951 0.788363 0.028772 0.029412
0 0.674073 0.872123 0.016304 0.048593
0 0.624201 0.869565 0.016304 0.033248
0 0.680786 0.686701 0.016304 0.033248
0 0.792519 0.803069 0.013427 0.040921
0 0.967072 0.784527 0.032609 0.024297
0 0.908088 0.969309 0.020141 0.033248
0 0.857737 0.870844 0.028772 0.025575