0 0.092391 0.409207 0.019182 0.028133
0 0.190697 0.471867 0.018223 0.023018
0 0.253517 0.389386 0.019182 0.021739
0 0.254955 0.437980 0.022059 0.021739
0 0.328804 0.360614 0.029731 0.020460
0 0.515345 0.356138 0.021100 0.026854
0 0.464514 0.317775 0.015345 0.026854
0 0.645780 0.272379 0.019182 0.023018
0 0.745524 0.317775 0.021100 0.024297
0 0.690857 0.407289 0.030691 0.019182
0 0.741688 0.380435 0.021100 0.024297
0 0.848146 0.412404 0.023018 0.026854
0 0.828485 0.071611 0.023977 0.023018
0 0.888427 0.189898 0.017263 0.034527
0 0.990729 0.060742 0.018542 0.026854
0 0.365729 0.084399 0.017263 0.020460
0 0.514386 0.052430 0.019182 0.028133
0 0.129316 0.475064 0.014386 0.026854
0 0.059303 0.313939 0.016304 0.029412
0 0.366688 0.544757 0.019182 0.023018
0 0.520620 0.547954 0.027813 0.024297
0 0.629955 0.606777 0.029731 0.024297
0 0.682225 0.612532 0.026854 0.020460
0 0.823210 0.642583 0.024936 0.026854
0 0.951247 0.675831 0.029731 0.026854
0 0.474584 0.675192 0.020141 0.025575
0 0.557545 0.757673 0.017263 0.037084
0 0.721547 0.850384 0.021100 0.035806
0 0.599265 0.892583 0.016304 0.028133
0 0.586797 0.932225 0.020141 0.020460
0 0.111093 0.953964 0.020141 0.025575
0 0.140825 0.977621 0.022059 0.024297
0 0.104859 0.819054 0.024936 0.024297
0 0.205563 0.734015 0.017263 0.028133
0 0.528293 0.868286 0.023977 0.030691
0 0.394022 0.905371 0.031650 0.025575
0 0.125000 0.161125 0.028772 0.020460