0 0.48135696821515894 0.38143382352941174 0.017726161369193152 0.04044117647058824
0 0.6280562347188264 0.6741727941176471 0.028728606356968216 0.03216911764705882
0 0.6127750611246944 0.7090992647058824 0.017726161369193152 0.03768382352941176
0 0.59260391198044 0.7068014705882353 0.020171149144254278 0.03308823529411765
0 0.7432762836185819 0.5661764705882353 0.014669926650366748 0.025735294117647058
0 0.7830073349633252 0.7352941176470588 0.02444987775061125 0.029411764705882353
0 0.71760391198044 0.6047794117647058 0.018337408312958436 0.04044117647058824
0 0.6968215158924206 0.5009191176470588 0.014669926650366748 0.03308823529411765
0 0.6986552567237164 0.3841911764705882 0.02078239608801956 0.027573529411764705
0 0.6965158924205379 0.4227941176470588 0.014058679706601468 0.025735294117647058
0 0.6567848410757946 0.33455882352941174 0.014058679706601468 0.03125
0 0.7912591687041565 0.2261029411764706 0.015281173594132029 0.03308823529411765
0 0.7921760391198044 0.19071691176470587 0.02567237163814181 0.022977941176470586
0 0.7325794621026895 0.23299632352941177 0.021393643031784843 0.03216911764705882
0 0.6738997555012225 0.13005514705882354 0.028728606356968216 0.02665441176470588
0 0.6784841075794621 0.26746323529411764 0.02567237163814181 0.025735294117647058
0 0.39394865525672373 0.21277573529411764 0.02628361858190709 0.02665441176470588
0 0.2417481662591687 0.5225183823529411 0.01650366748166259 0.043198529411764705
0 0.35880195599022 0.7463235294117647 0.02689486552567237 0.027573529411764705
