0 0.141304 0.640665 0.017263 0.025575
0 0.412244 0.425831 0.027813 0.017903
0 0.429508 0.565217 0.018223 0.023018
0 0.248242 0.718670 0.022059 0.020460
0 0.637148 0.632992 0.011509 0.028133
0 0.649616 0.672634 0.013427 0.025575
0 0.617967 0.722506 0.021100 0.020460
0 0.715793 0.514066 0.019182 0.023018
0 0.621324 0.244885 0.016304 0.024297
0 0.759910 0.056905 0.019182 0.021739
0 0.876918 0.042839 0.015345 0.034527
0 0.936381 0.057545 0.019182 0.023018
0 0.794917 0.706522 0.018223 0.026854
0 0.821292 0.730818 0.019182 0.029412
0 0.868766 0.874041 0.016304 0.029412