0 0.224265 0.337596 0.020141 0.033248
0 0.092871 0.239770 0.029731 0.021739
0 0.055467 0.270460 0.018223 0.031969
0 0.066976 0.050512 0.020141 0.024297
0 0.301471 0.015345 0.021100 0.023018
0 0.531170 0.063299 0.027813 0.029412
0 0.819853 0.018542 0.016304 0.026854
0 0.840953 0.010870 0.016304 0.021739
0 0.862052 0.044118 0.020141 0.021739
0 0.906170 0.126598 0.014386 0.028133
0 0.781010 0.193095 0.019182 0.023018
0 0.715313 0.320332 0.022059 0.034527
0 0.480818 0.195013 0.026854 0.024297
0 0.579604 0.277494 0.013427 0.030691
0 0.587756 0.299872 0.014386 0.039642
0 0.863491 0.372123 0.026854 0.030691
0 0.587276 0.461637 0.013427 0.030691
0 0.320652 0.359974 0.017263 0.021739
0 0.219469 0.512788 0.029731 0.035806
0 0.127877 0.512788 0.019182 0.025575
0 0.067455 0.420077 0.023018 0.021739
0 0.398817 0.501918 0.029731 0.029412
0 0.832321 0.554348 0.014386 0.019182
0 0.843830 0.542839 0.022059 0.019182
0 0.924872 0.647698 0.021100 0.026854
0 0.734015 0.667519 0.015345 0.030691
0 0.492807 0.645780 0.022059 0.023018
0 0.431905 0.613811 0.019182 0.030691
0 0.562340 0.693734 0.024936 0.024297
0 0.447251 0.763427 0.023018 0.023018
0 0.484655 0.826087 0.023018 0.028133
0 0.208919 0.625959 0.025895 0.021739
0 0.163843 0.652174 0.014386 0.025575
0 0.140345 0.747442 0.013427 0.034527
0 0.019022 0.807545 0.010550 0.031969
0 0.233376 0.842072 0.023018 0.024297
0 0.255435 0.943095 0.024936 0.019182
0 0.252078 0.969949 0.018223 0.037084
0 0.102462 0.979540 0.010550 0.025575
0 0.314898 0.987852 0.021100 0.024296