0 0.232896 0.218670 0.025895 0.033248
0 0.068894 0.057545 0.022059 0.023018
0 0.027653 0.129156 0.027813 0.023018
0 0.054508 0.170077 0.029731 0.020460
0 0.377238 0.057545 0.021100 0.028133
0 0.394501 0.196292 0.017263 0.037084
0 0.340313 0.290281 0.018223 0.038363
0 0.510550 0.202685 0.013427 0.031969
0 0.543638 0.252558 0.014386 0.029412
0 0.784847 0.138747 0.015345 0.026854
0 0.835198 0.267263 0.012468 0.028133
0 0.705723 0.354859 0.018223 0.034527
0 0.840473 0.402813 0.015345 0.040921
0 0.767104 0.411125 0.014386 0.029412
0 0.787724 0.417519 0.028772 0.021739
0 0.987692 0.530051 0.022059 0.029412
0 0.495205 0.514706 0.017263 0.034527
0 0.326886 0.608696 0.022059 0.023018
0 0.146579 0.410486 0.020141 0.023018
0 0.199808 0.679028 0.013427 0.030691
0 0.190697 0.725703 0.022059 0.026854
0 0.459719 0.780051 0.028772 0.030691
0 0.648657 0.727621 0.017263 0.035806
0 0.627078 0.757033 0.014386 0.030691
0 0.745524 0.685422 0.017263 0.030691
0 0.351822 0.904731 0.018223 0.026854
0 0.335038 0.955882 0.026854 0.026854
0 0.415121 0.983376 0.020141 0.033248