0 0.189738 0.107417 0.020141 0.020460
0 0.140345 0.187980 0.021100 0.023018
0 0.312980 0.269821 0.013427 0.028133
0 0.419437 0.209719 0.021100 0.015345
0 0.654891 0.283248 0.020141 0.021739
0 0.837596 0.329923 0.011509 0.025575
0 0.838555 0.306905 0.013427 0.020460
0 0.904252 0.320332 0.022059 0.016624
0 0.866848 0.679028 0.012468 0.028133
0 0.723945 0.838235 0.022059 0.016624
0 0.701886 0.891304 0.014386 0.038363
0 0.512468 0.813299 0.013427 0.030691
0 0.312980 0.855499 0.024936 0.023018
0 0.302909 0.930946 0.022059 0.017903
0 0.241049 0.591432 0.017263 0.024297
0 0.155691 0.670077 0.023018 0.023018
0 0.920077 0.632992 0.023018 0.023018