0 0.593997 0.537599 0.023747 0.040897
0 0.666722 0.424142 0.022757 0.040897
0 0.636544 0.348285 0.021768 0.026385
0 0.667711 0.350264 0.020778 0.022427
0 0.685521 0.363456 0.022757 0.027704
0 0.619723 0.370712 0.027704 0.029024
0 0.546009 0.317942 0.020778 0.029024
0 0.582124 0.036939 0.017810 0.036939
0 0.104222 0.013852 0.021768 0.027704
0 0.909136 0.145119 0.018799 0.036939
0 0.991425 0.160950 0.017150 0.029024
0 0.855706 0.310686 0.016821 0.027704
0 0.850759 0.351583 0.014842 0.030343
0 0.808707 0.509894 0.025726 0.022427
0 0.879453 0.521768 0.036609 0.025066
0 0.879453 0.541557 0.038588 0.022427
0 0.691458 0.600923 0.020778 0.038259
0 0.522263 0.600264 0.030673 0.026385
0 0.489116 0.643799 0.025726 0.029024
0 0.392645 0.623351 0.016821 0.027704
0 0.273912 0.653034 0.026715 0.036939
0 0.143305 0.681398 0.026715 0.022427
0 0.048813 0.570580 0.021768 0.030343