0 0.091912 0.065857 0.022059 0.026854
0 0.038203 0.069693 0.023977 0.019182
0 0.069373 0.232737 0.024936 0.023018
0 0.328325 0.044118 0.021100 0.034527
0 0.350384 0.072890 0.017263 0.028133
0 0.372922 0.298593 0.018223 0.029412
0 0.394981 0.434783 0.014386 0.035806
0 0.507193 0.330563 0.018223 0.031969
0 0.500000 0.423913 0.017263 0.034527
0 0.559942 0.418798 0.023977 0.024297
0 0.570972 0.397059 0.017263 0.034527
0 0.783408 0.418798 0.016304 0.037084
0 0.904731 0.497442 0.026854 0.025575
0 0.902334 0.349105 0.022059 0.028133
0 0.965153 0.304348 0.024936 0.025575
0 0.853900 0.044757 0.021100 0.025575
0 0.865409 0.014706 0.017263 0.029412
0 0.411285 0.927749 0.022059 0.042199
0 0.664482 0.877877 0.018223 0.031969
0 0.243926 0.590793 0.013427 0.028133
0 0.010230 0.522379 0.020460 0.026854
0 0.889866 0.577366 0.020141 0.031969
0 0.986253 0.700128 0.017263 0.031969
0 0.705723 0.214194 0.025895 0.024297