0 0.306266 0.021739 0.024936 0.020460
0 0.360454 0.019182 0.023977 0.025575
0 0.298114 0.246803 0.018223 0.030691
0 0.233376 0.468670 0.024936 0.024297
0 0.384910 0.531330 0.019182 0.029412
0 0.447730 0.512788 0.016304 0.028133
0 0.717711 0.359974 0.021100 0.024297
0 0.714354 0.331202 0.020141 0.020460
0 0.777653 0.340153 0.023977 0.023018
0 0.787244 0.182864 0.022059 0.020460
0 0.759910 0.389386 0.019182 0.024297
0 0.924393 0.652174 0.025895 0.028133
0 0.515825 0.829284 0.020141 0.026854
0 0.814578 0.957801 0.015345 0.033248
0 0.775735 0.967391 0.018223 0.029412
0 0.027653 0.713555 0.018223 0.023018