0 0.19865525672371637 0.24494485294117646 0.023227383863080684 0.043198529411764705
0 0.19070904645476772 0.6833639705882353 0.01589242053789731 0.04871323529411765
0 0.37011002444987773 0.6484375 0.028728606356968216 0.02849264705882353
0 0.6949877750611247 0.5514705882352942 0.02689486552567237 0.022058823529411763
0 0.6613691931540342 0.5684742647058824 0.017114914425427872 0.04136029411764706
0 0.6121638141809291 0.4554227941176471 0.015281173594132029 0.03952205882352941
0 0.6042176039119804 0.47610294117647056 0.01650366748166259 0.034926470588235295
0 0.6253056234718827 0.4724264705882353 0.018337408312958436 0.027573529411764705
0 0.6616748166259169 0.46047794117647056 0.028728606356968216 0.02389705882352941
0 0.6625916870415648 0.4848345588235294 0.02444987775061125 0.021139705882352942
0 0.5302567237163814 0.3170955882352941 0.02506112469437653 0.03125
0 0.6320293398533007 0.37683823529411764 0.019559902200488997 0.03125
0 0.6711491442542787 0.20634191176470587 0.023227383863080684 0.043198529411764705
0 0.76619804400978 0.13051470588235295 0.02628361858190709 0.034926470588235295
0 0.4877750611246944 0.4655330882352941 0.022004889975550123 0.046875
