0 0.015665 0.065217 0.013427 0.025575
0 0.074648 0.067775 0.014386 0.035806
0 0.220908 0.158568 0.011509 0.025575
0 0.209879 0.135550 0.012468 0.030691
0 0.268382 0.248721 0.012468 0.034527
0 0.160486 0.463555 0.017263 0.031969
0 0.209399 0.443734 0.019182 0.023018
0 0.097666 0.854859 0.020141 0.016624
0 0.090953 0.782609 0.016304 0.030691
0 0.122602 0.781969 0.020141 0.024297
0 0.085678 0.943095 0.019182 0.019182
0 0.395940 0.728261 0.014386 0.034527
0 0.321132 0.560102 0.022059 0.028133
0 0.469309 0.299872 0.023018 0.034527
0 0.488491 0.093350 0.023018 0.017903
0 0.615090 0.008951 0.021100 0.017902
0 0.658728 0.235934 0.020141 0.029412
0 0.599744 0.304348 0.026854 0.020460
0 0.713395 0.429028 0.020141 0.029412
0 0.591113 0.496164 0.023018 0.025575
0 0.573849 0.623402 0.021100 0.026854
0 0.500480 0.799233 0.012468 0.033248
0 0.553708 0.714834 0.011509 0.030691
0 0.635710 0.629156 0.018223 0.025575
0 0.660646 0.579284 0.016304 0.033248
0 0.815058 0.622123 0.018223 0.024297
0 0.827046 0.699488 0.019182 0.030691
0 0.919597 0.780691 0.020141 0.021739
0 0.980019 0.730818 0.012468 0.037084
0 0.685582 0.787724 0.023977 0.023018
0 0.611733 0.802430 0.025895 0.026854
0 0.541240 0.831841 0.019182 0.034527
0 0.497602 0.895141 0.022059 0.030691
0 0.496164 0.971867 0.017263 0.025575
0 0.617487 0.968670 0.020141 0.024297
0 0.661125 0.966752 0.023018 0.023018
0 0.811701 0.242967 0.017263 0.038363
0 0.900416 0.164962 0.022059 0.025575
0 0.967072 0.303708 0.017263 0.031969
0 0.871164 0.070332 0.017263 0.025575
0 0.726343 0.821611 0.028772 0.026854