0 0.7490831295843521 0.6222426470588235 0.020171149144254278 0.03676470588235294
0 0.46026894865525675 0.38097426470588236 0.01589242053789731 0.03216911764705882
0 0.4559902200488998 0.4609375 0.02444987775061125 0.022977941176470586
0 0.5106968215158925 0.49034926470588236 0.02750611246943765 0.024816176470588234
0 0.3860024449877751 0.4756433823529412 0.02506112469437653 0.02849264705882353
0 0.31356968215158926 0.4779411764705882 0.029339853300733496 0.02389705882352941
0 0.20201711491442542 0.84375 0.02750611246943765 0.027573529411764705
0 0.25122249388753054 0.14705882352941177 0.02567237163814181 0.022058823529411763
0 0.26008557457212717 0.11994485294117647 0.017726161369193152 0.035845588235294115
0 0.22555012224938875 0.20542279411764705 0.02444987775061125 0.02849264705882353
