0 0.415121 0.359335 0.022059 0.028133
0 0.402174 0.464194 0.017263 0.023018
0 0.489930 0.468031 0.022059 0.023018
0 0.699009 0.452685 0.018223 0.028133
0 0.909047 0.270460 0.018223 0.034527
0 0.956522 0.236573 0.013427 0.028133
0 0.610774 0.017903 0.012468 0.028133
0 0.516304 0.225703 0.017263 0.024297
0 0.428549 0.297954 0.022059 0.017903
0 0.024776 0.359974 0.020141 0.029412
0 0.100543 0.696931 0.029731 0.015345
0 0.190697 0.680307 0.014386 0.025575
0 0.431905 0.808824 0.021100 0.021739
0 0.625639 0.984015 0.021100 0.024297