0 0.264546 0.358056 0.020141 0.025575
0 0.111573 0.474425 0.019182 0.020460
0 0.482737 0.324808 0.015345 0.020460
0 0.480339 0.172634 0.008632 0.025575
0 0.469309 0.320972 0.013427 0.012788
0 0.472666 0.331841 0.016304 0.019182
0 0.637148 0.426471 0.015345 0.021739
0 0.537884 0.432225 0.023977 0.017903
0 0.604060 0.058184 0.020141 0.021739
0 0.298114 0.058824 0.020141 0.025575
0 0.390185 0.468670 0.016304 0.029412
0 0.394981 0.613811 0.014386 0.028133
0 0.819373 0.579284 0.015345 0.023018
0 0.759431 0.728261 0.016304 0.026854
0 0.306266 0.691176 0.023018 0.014066
0 0.171995 0.638747 0.015345 0.019182
0 0.327366 0.867647 0.021100 0.024297