0 0.621324 0.241049 0.018223 0.026854
0 0.729220 0.075448 0.023018 0.023018
0 0.883632 0.234015 0.017263 0.025575
0 0.632832 0.419437 0.023977 0.020460
0 0.571451 0.418159 0.020141 0.025575
0 0.631873 0.453325 0.010550 0.024297
0 0.673593 0.469949 0.019182 0.024297
0 0.641944 0.537084 0.019182 0.017903
0 0.818894 0.714194 0.012468 0.029412
0 0.877398 0.713555 0.016304 0.020460
0 0.284687 0.666880 0.020141 0.019182
0 0.491368 0.749361 0.013427 0.025575
0 0.403133 0.824808 0.019182 0.020460
0 0.016624 0.850384 0.021100 0.017903