0 0.224265 0.412404 0.014386 0.034527
0 0.034847 0.319693 0.028772 0.020460
0 0.138907 0.491688 0.016304 0.034527
0 0.302909 0.560102 0.020141 0.040921
0 0.156650 0.627877 0.026854 0.023018
0 0.426151 0.686701 0.019182 0.038363
0 0.115889 0.859335 0.023977 0.017903
0 0.487532 0.936701 0.023018 0.024297
0 0.697570 0.899616 0.026854 0.014066
0 0.733056 0.423913 0.015345 0.037084
0 0.728261 0.294757 0.021100 0.026854
0 0.700448 0.292199 0.017263 0.024297
0 0.565697 0.303708 0.016304 0.034527
0 0.525895 0.282609 0.023018 0.025575
0 0.414162 0.240409 0.025895 0.012788
0 0.417040 0.340793 0.014386 0.031969
0 0.576726 0.437980 0.028772 0.021739
0 0.645780 0.381074 0.026854 0.023018
0 0.442455 0.019182 0.021100 0.030691
0 0.872602 0.017263 0.023977 0.021739