0 0.191176 0.035166 0.019182 0.026854
0 0.315857 0.047315 0.019182 0.033248
0 0.426151 0.065857 0.023018 0.024297
0 0.555147 0.032609 0.023977 0.026854
0 0.466912 0.129795 0.016304 0.029412
0 0.120205 0.192455 0.024936 0.024297
0 0.045396 0.258312 0.028772 0.023018
0 0.513907 0.272379 0.018223 0.033248
0 0.529731 0.309463 0.017263 0.033248
0 0.393063 0.370205 0.023977 0.031969
0 0.286605 0.565857 0.025895 0.029412
0 0.460198 0.555627 0.027813 0.024297
0 0.529252 0.498721 0.018223 0.035806
0 0.757992 0.423274 0.023018 0.025575
0 0.779572 0.310742 0.023977 0.030691
0 0.873561 0.368926 0.025895 0.026854
0 0.975224 0.380435 0.023977 0.031969
0 0.946931 0.406650 0.026854 0.025575
0 0.911925 0.473146 0.022059 0.028133
0 0.932065 0.449488 0.018223 0.029412
0 0.753676 0.543478 0.014386 0.028133
0 0.758472 0.502558 0.025895 0.028133
0 0.522059 0.703964 0.015345 0.034527
0 0.293318 0.697570 0.027813 0.039642
0 0.117807 0.770460 0.025895 0.034527
0 0.231458 0.838875 0.024936 0.028133
0 0.294277 0.904731 0.016304 0.031969
0 0.407928 0.913043 0.028772 0.025575
0 0.582001 0.879795 0.025895 0.023018
0 0.562820 0.841432 0.022059 0.028133
0 0.675032 0.841432 0.029731 0.028133
0 0.549393 0.953325 0.022059 0.034527
0 0.807385 0.786445 0.025895 0.025575
0 0.953165 0.940537 0.023977 0.026854
0 0.080882 0.510230 0.021100 0.023018
0 0.068414 0.615729 0.028772 0.026854
0 0.036285 0.654092 0.012468 0.024297
0 0.721068 0.651535 0.023977 0.024297
0 0.375799 0.792199 0.018223 0.026854
0 0.287564 0.765985 0.020141 0.028133
0 0.322570 0.348465 0.024936 0.026854
0 0.921515 0.558824 0.020141 0.030691
0 0.525895 0.780051 0.030691 0.030691
0 0.978101 0.108696 0.037404 0.023018