0 0.28025672371638144 0.1796875 0.02506112469437653 0.043198529411764705
0 0.18062347188264058 0.2679227941176471 0.02750611246943765 0.024816176470588234
0 0.13141809290953546 0.47518382352941174 0.028117359413202935 0.03125
0 0.22707823960880197 0.4650735294117647 0.020171149144254278 0.03308823529411765
0 0.20690709046454767 0.4489889705882353 0.018948655256723717 0.03768382352941176
0 0.2062958435207824 0.3483455882352941 0.017726161369193152 0.04044117647058824
0 0.2603911980440098 0.24770220588235295 0.02078239608801956 0.030330882352941176
0 0.3141809290953545 0.2610294117647059 0.029339853300733496 0.02389705882352941
0 0.21485330073349634 0.2725183823529412 0.02506112469437653 0.017463235294117647
0 0.23533007334963324 0.265625 0.02444987775061125 0.02022058823529412
0 0.3893643031784841 0.3014705882352941 0.01589242053789731 0.042279411764705885
0 0.4177872860635697 0.3556985294117647 0.022616136919315404 0.029411764705882353
0 0.375 0.3212316176470588 0.021393643031784843 0.02849264705882353
0 0.25733496332518335 0.29871323529411764 0.01589242053789731 0.029411764705882353
0 0.37011002444987773 0.34880514705882354 0.020171149144254278 0.017463235294117647
0 0.0745721271393643 0.890625 0.022004889975550123 0.03308823529411765
0 0.5999388753056235 0.2757352941176471 0.028728606356968216 0.027573529411764705
0 0.6763447432762836 0.3556985294117647 0.020171149144254278 0.03308823529411765
0 0.7093520782396088 0.33731617647058826 0.022616136919315404 0.029411764705882353
0 0.7451100244498777 0.2647058823529412 0.03178484107579462 0.027573529411764705
0 0.8028728606356969 0.16773897058823528 0.02506112469437653 0.02665441176470588
0 0.8068459657701711 0.22196691176470587 0.014669926650366748 0.03400735294117647
0 0.8563569682151589 0.31433823529411764 0.017114914425427872 0.03125
0 0.8248777506112469 0.36994485294117646 0.015281173594132029 0.02849264705882353
0 0.7720048899755502 0.35340073529411764 0.030562347188264057 0.02665441176470588
0 0.9893031784841075 0.7614889705882353 0.020171149144254278 0.02665441176470588
