0 0.268470 0.668865 0.029683 0.023747
0 0.194756 0.493404 0.024736 0.029024
0 0.088391 0.676121 0.029683 0.027704
0 0.034960 0.668206 0.031662 0.030343
0 0.369393 0.645778 0.023747 0.038259
0 0.408476 0.689314 0.022757 0.035620
0 0.498516 0.684037 0.032652 0.030343
0 0.540567 0.708443 0.031662 0.023747
0 0.592513 0.634565 0.026715 0.026385
0 0.865106 0.649077 0.027704 0.021108
0 0.640007 0.494063 0.036609 0.032982
0 0.555904 0.156992 0.020778 0.039578
0 0.945251 0.733509 0.033641 0.029024
0 0.747856 0.670844 0.024736 0.040897