0 0.08618581907090464 0.035386029411764705 0.017114914425427872 0.03952205882352941
0 0.14883863080684598 0.10477941176470588 0.017726161369193152 0.03860294117647059
0 0.0678484107579462 0.2026654411764706 0.028117359413202935 0.022977941176470586
0 0.08037897310513448 0.23805147058823528 0.022616136919315404 0.027573529411764705
0 0.10024449877750612 0.29963235294117646 0.02078239608801956 0.03676470588235294
0 0.2221882640586797 0.23988970588235295 0.023838630806845965 0.04779411764705882
0 0.4984718826405868 0.4342830882352941 0.022616136919315404 0.03768382352941176
0 0.8196821515892421 0.6806066176470588 0.023227383863080684 0.035845588235294115
0 0.9636308068459658 0.6369485294117647 0.018948655256723717 0.04044117647058824
0 0.8444376528117359 0.8175551470588235 0.020171149144254278 0.03952205882352941
0 0.4578239608801956 0.9655330882352942 0.02567237163814181 0.035845588235294115
