0 0.6919315403422983 0.16911764705882354 0.017114914425427872 0.027573529411764705
0 0.7982885085574573 0.02297794117647059 0.021393643031784843 0.02849264705882353
0 0.9028117359413202 0.24816176470588236 0.020171149144254278 0.027573529411764705
0 0.8074572127139364 0.2665441176470588 0.020171149144254278 0.03676470588235294
0 0.21943765281173594 0.37775735294117646 0.021393643031784843 0.03768382352941176
0 0.5843520782396088 0.4108455882352941 0.017114914425427872 0.03308823529411765
0 0.9211491442542787 0.4880514705882353 0.018337408312958436 0.027573529411764705
0 0.06051344743276284 0.49724264705882354 0.008557457212713936 0.03676470588235294
0 0.4015892420537897 0.4990808823529412 0.019559902200488997 0.03768382352941176
0 0.934596577017115 0.5413602941176471 0.013447432762836185 0.03216911764705882
0 0.7249388753056235 0.5735294117647058 0.020171149144254278 0.029411764705882353
0 0.6693154034229829 0.6139705882352942 0.019559902200488997 0.029411764705882353
0 0.5990220048899756 0.6452205882352942 0.020171149144254278 0.030330882352941176
0 0.3966992665036675 0.6801470588235294 0.019559902200488997 0.03216911764705882
0 0.9828850855745721 0.24816176470588236 0.020171149144254278 0.027573529411764705
0 0.9645476772616137 0.4880514705882353 0.018337408312958436 0.027573529411764705
0 0.0519559902200489 0.49724264705882354 0.008557457212713936 0.03676470588235294
0 0.9511002444987775 0.5413602941176471 0.013447432762836185 0.03216911764705882