0 0.506714 0.780051 0.015345 0.033248
0 0.210838 0.157928 0.020141 0.034527
0 0.013587 0.258951 0.027174 0.021739
0 0.009271 0.290281 0.018542 0.025575
0 0.104380 0.342711 0.012468 0.030691
0 0.058824 0.439258 0.023018 0.042199
0 0.012148 0.895141 0.024296 0.030691
0 0.186381 0.585038 0.026854 0.031969
0 0.447730 0.359974 0.027813 0.026854
0 0.561381 0.182225 0.023018 0.024297
0 0.732097 0.200128 0.024936 0.021739
0 0.816017 0.022379 0.016304 0.026854
0 0.911445 0.608696 0.017263 0.035806
0 0.984335 0.726982 0.026854 0.037084
0 0.956522 0.847826 0.015345 0.035806
0 0.946931 0.927749 0.015345 0.034527
0 0.207001 0.909847 0.014386 0.037084