0 0.336957 0.359974 0.017263 0.026854
0 0.430467 0.360614 0.020141 0.025575
0 0.185422 0.391944 0.021100 0.029412
0 0.716272 0.062660 0.020141 0.025575
0 0.828005 0.035166 0.015345 0.026854
0 0.733536 0.157289 0.018223 0.023018
0 0.827046 0.296036 0.015345 0.021739
0 0.539802 0.573529 0.020141 0.019182
0 0.492327 0.544118 0.024936 0.021739
0 0.378197 0.517263 0.019182 0.019182
0 0.360934 0.643862 0.019182 0.021739
0 0.333120 0.645780 0.015345 0.020460
0 0.345109 0.667519 0.016304 0.033248
0 0.163843 0.712276 0.022059 0.017903
0 0.569533 0.709079 0.012468 0.029412
0 0.543159 0.714194 0.021100 0.024297
0 0.696132 0.648977 0.018223 0.029412
0 0.861573 0.805627 0.013427 0.028133
0 0.804508 0.884271 0.023977 0.024297
0 0.452046 0.863811 0.019182 0.031969
0 0.404092 0.879795 0.019182 0.025575
0 0.433344 0.929668 0.020141 0.017903
0 0.016624 0.758951 0.023018 0.024297
0 0.228101 0.342711 0.018223 0.025575
0 0.751758 0.125320 0.018223 0.030691