0 0.299073 0.352941 0.018223 0.020460
0 0.143223 0.381714 0.019182 0.029412
0 0.087596 0.549233 0.026854 0.026854
0 0.626119 0.549233 0.023977 0.021739
0 0.785806 0.652813 0.021100 0.029412
0 0.793478 0.216752 0.019182 0.024297
0 0.750320 0.175831 0.023018 0.021739
0 0.842871 0.159207 0.012468 0.026854
0 0.971387 0.190537 0.020141 0.030691
0 0.958919 0.476343 0.012468 0.029412
0 0.471707 0.902174 0.016304 0.029412
0 0.364770 0.973146 0.017263 0.025575
0 0.189738 0.927110 0.022059 0.023018
0 0.537404 0.010870 0.023018 0.016624