0 0.383951 0.343990 0.023018 0.017903
0 0.387788 0.367647 0.017263 0.026854
0 0.391145 0.045396 0.022059 0.024297
0 0.204604 0.338875 0.017263 0.035806
0 0.250160 0.519821 0.016304 0.031969
0 0.259271 0.645141 0.015345 0.031969
0 0.411765 0.606777 0.023018 0.026854
0 0.734015 0.197570 0.021100 0.021739
0 0.664003 0.189258 0.021100 0.020460
0 0.897059 0.363171 0.019182 0.028133
0 0.918638 0.421995 0.018223 0.020460
0 0.813619 0.355499 0.015345 0.030691
0 0.778133 0.560102 0.019182 0.025575
0 0.923434 0.703325 0.022059 0.020460
0 0.973785 0.584399 0.021100 0.028133
0 0.693254 0.707801 0.018223 0.029412
0 0.640985 0.708440 0.023018 0.023018
0 0.670716 0.751918 0.019182 0.028133
0 0.795396 0.790281 0.019182 0.025575
0 0.119246 0.852941 0.024936 0.020460
0 0.699488 0.853581 0.019182 0.024297
0 0.732097 0.841432 0.021100 0.033248
0 0.828005 0.846547 0.019182 0.025575
0 0.864450 0.941816 0.015345 0.026854
0 0.387788 0.789003 0.021100 0.030691
0 0.483216 0.769182 0.027813 0.019182
0 0.328804 0.726343 0.027813 0.023018
0 0.178229 0.970588 0.022059 0.017903
0 0.956042 0.073529 0.018223 0.026854