0 0.6537286063569682 0.4586397058823529 0.02506112469437653 0.03125
0 0.6289731051344744 0.5528492647058824 0.030562347188264057 0.022977941176470586
0 0.5754889975550123 0.7265625 0.01650366748166259 0.035845588235294115
0 0.8040953545232273 0.7711397058823529 0.020171149144254278 0.044117647058823525
0 0.8713325183374083 0.3943014705882353 0.02506112469437653 0.03125
0 0.43337408312958436 0.8115808823529411 0.02078239608801956 0.03676470588235294
0 0.3853911980440098 0.5404411764705882 0.017726161369193152 0.03676470588235294
0 0.2710880195599022 0.11902573529411764 0.015281173594132029 0.04136029411764706
0 0.06356968215158924 0.33731617647058826 0.019559902200488997 0.04044117647058824
0 0.11216381418092909 0.8589154411764706 0.028728606356968216 0.030330882352941176
0 0.3328239608801956 0.5363051470588235 0.021393643031784843 0.02849264705882353
