0 0.490600 0.259894 0.028694 0.039578
0 0.878463 0.232190 0.024736 0.023747
0 0.739446 0.125989 0.023747 0.025066
0 0.500989 0.014512 0.021768 0.029024
0 0.337236 0.040237 0.038588 0.022427
0 0.331299 0.230871 0.020778 0.034301
0 0.182388 0.361478 0.019789 0.034301
0 0.148747 0.463061 0.021768 0.034301
0 0.118074 0.629947 0.033641 0.025066
0 0.076517 0.836412 0.015831 0.031662
0 0.092843 0.919525 0.028694 0.026385
0 0.319426 0.795515 0.034631 0.021108
0 0.562830 0.928760 0.020778 0.039578
0 0.649406 0.945251 0.021768 0.019789
0 0.618734 0.981530 0.023747 0.026385
0 0.882916 0.282982 0.027704 0.022427
0 0.988456 0.114776 0.023087 0.021108
0 0.828001 0.273747 0.026715 0.027704
0 0.603397 0.313325 0.032652 0.019789
0 0.559367 0.391821 0.017810 0.034301
0 0.687005 0.633905 0.037599 0.025066