0 0.244885 0.090793 0.015345 0.020460
0 0.247283 0.056905 0.016304 0.021739
0 0.388267 0.082481 0.014386 0.024297
0 0.799712 0.056905 0.014386 0.029412
0 0.608855 0.335038 0.018223 0.023018
0 0.718191 0.285166 0.014386 0.023018
0 0.662564 0.387468 0.018223 0.038363
0 0.954124 0.574169 0.022059 0.025575
0 0.948849 0.312660 0.021100 0.024297
0 0.193095 0.193734 0.024936 0.026854
0 0.228101 0.315217 0.022059 0.029412
0 0.200767 0.414322 0.019182 0.028133
0 0.460678 0.410486 0.028772 0.025575
0 0.256873 0.547954 0.016304 0.029412
0 0.108216 0.568414 0.025895 0.024297
0 0.108696 0.650895 0.015345 0.033248
0 0.268382 0.637468 0.020141 0.024297
0 0.316336 0.647698 0.016304 0.029412
0 0.425192 0.636189 0.023018 0.021739
0 0.259271 0.708440 0.024936 0.020460
0 0.394501 0.858056 0.023018 0.033248
0 0.628996 0.853581 0.020141 0.029412
0 0.791081 0.669437 0.025895 0.024297
0 0.954604 0.680946 0.026854 0.029412
0 0.831362 0.783887 0.022059 0.023018
0 0.626119 0.576726 0.020141 0.030691
0 0.658728 0.571611 0.014386 0.030691
0 0.661125 0.600384 0.021100 0.029412