0 0.44162591687041564 0.18060661764705882 0.022616136919315404 0.035845588235294115
0 0.7426650366748166 0.32169117647058826 0.01589242053789731 0.03308823529411765
0 0.468520782396088 0.3400735294117647 0.02628361858190709 0.02389705882352941
0 0.5812958435207823 0.4329044117647059 0.014669926650366748 0.042279411764705885
0 0.38447432762836187 0.3952205882352941 0.030562347188264057 0.025735294117647058
0 0.42603911980440096 0.4025735294117647 0.03300733496332518 0.022058823529411763
0 0.4202322738386308 0.43704044117647056 0.02628361858190709 0.030330882352941176
0 0.4715770171149144 0.4485294117647059 0.018948655256723717 0.027573529411764705
0 0.4871638141809291 0.5170036764705882 0.030562347188264057 0.021139705882352942
0 0.4825794621026895 0.5353860294117647 0.03484107579462103 0.024816176470588234
0 0.8722493887530562 0.7426470588235294 0.01589242053789731 0.04779411764705882
0 0.9104523227383863 0.7205882352941176 0.018948655256723717 0.034926470588235295
0 0.7863691931540342 0.8322610294117647 0.022616136919315404 0.02849264705882353
0 0.7613080684596577 0.9549632352941176 0.03117359413202934 0.02389705882352941
0 0.2979828850855746 0.9866727941176471 0.02750611246943765 0.02665441176470588
0 0.2237163814180929 0.8230698529411764 0.018337408312958436 0.03400735294117647
0 0.008863080684596576 0.5229779411764706 0.015281173594132029 0.042279411764705885
0 0.9266503667481663 0.7003676470588235 0.023227383863080684 0.027573529411764705
0 0.5287286063569682 0.08501838235294118 0.014669926650366748 0.035845588235294115
0 0.25825183374083127 0.9806985294117647 0.028728606356968216 0.022058823529411763
