0 0.47616136919315405 0.3092830882352941 0.019559902200488997 0.03400735294117647
0 0.4737163814180929 0.3625919117647059 0.01589242053789731 0.03952205882352941
0 0.5158924205378973 0.4397977941176471 0.022004889975550123 0.035845588235294115
0 0.6577017114914425 0.34650735294117646 0.02567237163814181 0.029411764705882353
0 0.3056234718826406 0.5670955882352942 0.019559902200488997 0.03308823529411765
0 0.3432151589242054 0.609375 0.02628361858190709 0.027573529411764705
0 0.3138753056234719 0.6534926470588235 0.022616136919315404 0.027573529411764705
0 0.3694987775061125 0.7440257352941176 0.02750611246943765 0.030330882352941176
0 0.3704156479217604 0.8377757352941176 0.02689486552567237 0.021139705882352942
0 0.36124694376528116 0.8998161764705882 0.022004889975550123 0.034926470588235295
