0 0.118286 0.152174 0.019182 0.023018
0 0.315377 0.151535 0.025895 0.021739
0 0.451087 0.021739 0.019182 0.030691
0 0.549393 0.056905 0.012468 0.031969
0 0.500480 0.130435 0.014386 0.030691
0 0.393542 0.188619 0.017263 0.024297
0 0.479859 0.227621 0.021100 0.028133
0 0.641944 0.283248 0.019182 0.031969
0 0.682225 0.405371 0.024936 0.023018
0 0.584879 0.427110 0.018223 0.025575
0 0.383472 0.401535 0.018223 0.030691
0 0.284687 0.370844 0.018223 0.033248
0 0.266464 0.466113 0.018223 0.019182
0 0.240569 0.498082 0.018223 0.024297
0 0.376758 0.583120 0.014386 0.033248
0 0.373881 0.650256 0.012468 0.034527
0 0.397858 0.787724 0.016304 0.025575
0 0.429028 0.792839 0.015345 0.033248
0 0.420396 0.915601 0.019182 0.025575
0 0.825128 0.663683 0.021100 0.030691
0 0.949808 0.546675 0.030691 0.019182
0 0.944054 0.590793 0.019182 0.030691
0 0.968510 0.688619 0.025895 0.024297
0 0.924872 0.730179 0.013427 0.033248
0 0.813139 0.776215 0.025895 0.028133
0 0.759910 0.837596 0.021100 0.025575
0 0.774297 0.897698 0.024936 0.020460
0 0.673114 0.501279 0.018223 0.035806
0 0.549393 0.762148 0.020141 0.033248
0 0.525416 0.718670 0.022059 0.023018
0 0.400735 0.289642 0.020141 0.024297