0 0.583113 0.302111 0.039578 0.018470
0 0.724604 0.361478 0.033641 0.031662
0 0.807718 0.394459 0.023747 0.031662
0 0.860158 0.138522 0.027704 0.023747
0 0.753298 0.062005 0.025726 0.026385
0 0.461906 0.602243 0.022757 0.027704
0 0.680574 0.546174 0.024736 0.034301
0 0.967018 0.733509 0.027704 0.029024
0 0.969987 0.963720 0.019789 0.027704
0 0.704321 0.802111 0.024736 0.021108
0 0.620712 0.729551 0.021768 0.036939
0 0.568766 0.654354 0.022757 0.034301
0 0.464380 0.667546 0.017810 0.042216
0 0.712236 0.911609 0.042546 0.029024
0 0.670679 0.922164 0.022757 0.026385
0 0.443107 0.792216 0.040567 0.035620
0 0.058707 0.879947 0.019789 0.034301
0 0.203661 0.697230 0.040567 0.027704
0 0.372856 0.023087 0.030673 0.030343