0 0.6424205378973105 0.32215073529411764 0.018337408312958436 0.04136029411764706
0 0.6784841075794621 0.3602941176470588 0.017114914425427872 0.042279411764705885
0 0.6084963325183375 0.10477941176470588 0.022616136919315404 0.034926470588235295
0 0.628361858190709 0.1484375 0.02567237163814181 0.021139705882352942
0 0.6069682151589242 0.5211397058823529 0.014669926650366748 0.042279411764705885
0 0.746638141809291 0.5565257352941176 0.02750611246943765 0.02849264705882353
0 0.6219437652811736 0.6999080882352942 0.029951100244498777 0.035845588235294115
0 0.7542787286063569 0.8782169117647058 0.013447432762836185 0.043198529411764705
0 0.7365525672371638 0.8699448529411764 0.017114914425427872 0.03952205882352941
0 0.5611246943765281 0.6231617647058824 0.02444987775061125 0.025735294117647058
0 0.5204767726161369 0.6617647058823529 0.022616136919315404 0.04963235294117647
0 0.49724938875305624 0.6433823529411765 0.02506112469437653 0.03125
