0 0.4342909535452323 0.2660845588235294 0.028728606356968216 0.03768382352941176
0 0.6995721271393643 0.36580882352941174 0.014058679706601468 0.042279411764705885
0 0.6577017114914425 0.30652573529411764 0.017114914425427872 0.035845588235294115
0 0.6983496332518337 0.6282169117647058 0.022616136919315404 0.02849264705882353
0 0.6839853300733496 0.6654411764705882 0.014669926650366748 0.034926470588235295
0 0.6790953545232273 0.7725183823529411 0.01589242053789731 0.043198529411764705
0 0.7179095354523227 0.8520220588235294 0.015281173594132029 0.03860294117647059
0 0.7710880195599022 0.8851102941176471 0.020171149144254278 0.03860294117647059
0 0.6155256723716381 0.4163602941176471 0.012224938875305624 0.03125
0 0.6222493887530562 0.4733455882352941 0.02078239608801956 0.03308823529411765
0 0.6014669926650367 0.4535845588235294 0.014669926650366748 0.03400735294117647
