0 0.2530562347188264 0.16773897058823528 0.029339853300733496 0.024816176470588234
0 0.23746943765281173 0.19852941176470587 0.021393643031784843 0.03125
0 0.23135696821515891 0.2261029411764706 0.021393643031784843 0.034926470588235295
0 0.1543398533007335 0.16498161764705882 0.012836185819070905 0.03400735294117647
0 0.15006112469437652 0.1171875 0.022616136919315404 0.03216911764705882
0 0.12927872860635697 0.13602941176470587 0.02750611246943765 0.025735294117647058
0 0.0339242053789731 0.08134191176470588 0.02750611246943765 0.02665441176470588
0 0.02628361858190709 0.14522058823529413 0.02078239608801956 0.034926470588235295
0 0.1301955990220049 0.8685661764705882 0.028117359413202935 0.027573529411764705
0 0.6635085574572127 0.08272058823529412 0.018948655256723717 0.03860294117647059
0 0.809596577017115 0.2587316176470588 0.02750611246943765 0.035845588235294115
0 0.8529951100244498 0.2339154411764706 0.018948655256723717 0.04136029411764706
0 0.9575183374083129 0.3350183823529412 0.017726161369193152 0.03400735294117647
0 0.4795232273838631 0.6783088235294118 0.029951100244498777 0.034926470588235295
0 0.6635085574572127 0.7403492647058824 0.028728606356968216 0.03400735294117647
0 0.7988997555012225 0.4443933823529412 0.02444987775061125 0.03400735294117647
0 0.7438875305623471 0.7513786764705882 0.02567237163814181 0.022977941176470586
0 0.8166259168704156 0.7081801470588235 0.019559902200488997 0.024816176470588234
0 0.8404645476772616 0.8552389705882353 0.01589242053789731 0.03952205882352941
0 0.8386308068459658 0.8253676470588235 0.028117359413202935 0.03125
0 0.8202933985330073 0.84375 0.02078239608801956 0.03125
0 0.8031784841075794 0.8409926470588235 0.012224938875305624 0.03125
0 0.5522616136919315 0.9329044117647058 0.020171149144254278 0.022058823529411763
0 0.5516503667481663 0.9797794117647058 0.02506112469437653 0.027573529411764705
0 0.562041564792176 0.9480698529411764 0.017726161369193152 0.022977941176470586
0 0.6812347188264058 0.7895220588235294 0.02750611246943765 0.027573529411764705
0 0.793398533007335 0.7725183823529411 0.013447432762836185 0.035845588235294115
