0 0.030531 0.061381 0.020141 0.025575
0 0.106298 0.120205 0.025895 0.025575
0 0.435742 0.196931 0.023018 0.020460
0 0.507673 0.276215 0.021100 0.020460
0 0.351343 0.349105 0.015345 0.028133
0 0.259751 0.021739 0.025895 0.023018
0 0.251598 0.478900 0.024936 0.024297
0 0.321611 0.476343 0.019182 0.021739
0 0.307225 0.540281 0.019182 0.024297
0 0.380115 0.572890 0.015345 0.030691
0 0.526375 0.599105 0.020141 0.026854
0 0.511509 0.689258 0.023018 0.028133
0 0.314898 0.760230 0.021100 0.021739
0 0.112532 0.721228 0.019182 0.023018
0 0.154252 0.748721 0.020141 0.019182
0 0.137948 0.875959 0.020141 0.020460
0 0.066017 0.868286 0.022059 0.015345
0 0.101023 0.936061 0.017263 0.025575
0 0.380595 0.824808 0.027813 0.017903
0 0.691336 0.650895 0.016304 0.030691
0 0.809783 0.669437 0.024936 0.021739
0 0.692775 0.394501 0.017263 0.024297
0 0.940217 0.536445 0.019182 0.034527
0 0.984815 0.543478 0.020141 0.033248
0 0.966113 0.648977 0.024936 0.026854
0 0.828005 0.751918 0.017263 0.030691
0 0.930627 0.769182 0.030691 0.024297
0 0.981458 0.705243 0.024936 0.021739
0 0.948849 0.877877 0.017263 0.031969
0 0.741688 0.923274 0.015345 0.035806
0 0.874520 0.875320 0.016304 0.031969
0 0.698529 0.111253 0.021100 0.023018