0 0.013267 0.375320 0.022059 0.031969
0 0.006873 0.479540 0.013746 0.028133
0 0.110614 0.567775 0.017263 0.035806
0 0.025735 0.598465 0.025895 0.033248
0 0.045876 0.744246 0.014386 0.035806
0 0.167199 0.196931 0.015345 0.033248
0 0.280850 0.173274 0.016304 0.034527
0 0.252078 0.464834 0.027813 0.026854
0 0.302909 0.586957 0.027813 0.033248
0 0.358056 0.652813 0.023018 0.034527
0 0.308184 0.851023 0.024936 0.029412
0 0.508152 0.888747 0.014386 0.043478
0 0.462596 0.868926 0.024936 0.039642
0 0.498561 0.781969 0.018223 0.037084
0 0.649137 0.675192 0.033568 0.035806
0 0.515345 0.605499 0.034527 0.031969
0 0.480339 0.425192 0.022059 0.029412
0 0.600224 0.349105 0.029731 0.020460
0 0.653932 0.028133 0.020141 0.035806
0 0.655371 0.175192 0.026854 0.017903
0 0.840953 0.085038 0.025895 0.024297
0 0.884591 0.134271 0.024936 0.035806
0 0.964674 0.324808 0.022059 0.025575
0 0.984335 0.342711 0.023018 0.028133
0 0.792999 0.334399 0.023977 0.029412
0 0.691336 0.567136 0.020141 0.034527
0 0.805467 0.629795 0.002877 0.014066
0 0.806905 0.629795 0.023018 0.037084
0 0.764706 0.786445 0.032609 0.023018
0 0.728261 0.867647 0.032609 0.031969
0 0.943095 0.915601 0.023018 0.035806