0 0.1466992665036675 0.06893382352941177 0.02567237163814181 0.03676470588235294
0 0.23930317848410756 0.2348345588235294 0.023838630806845965 0.035845588235294115
0 0.6207212713936431 0.4848345588235294 0.02506112469437653 0.046875
0 0.7759779951100244 0.8814338235294118 0.028728606356968216 0.027573529411764705
0 0.5910757946210269 0.8841911764705882 0.019559902200488997 0.04963235294117647
0 0.6604523227383863 0.6397058823529411 0.012836185819070905 0.03860294117647059
0 0.4031173594132029 0.21966911764705882 0.017726161369193152 0.04595588235294117
0 0.5736552567237164 0.3161764705882353 0.017726161369193152 0.03676470588235294
0 0.07273838630806846 0.03860294117647059 0.02567237163814181 0.03308823529411765
0 0.09627139364303179 0.03400735294117647 0.020171149144254278 0.03676470588235294
0 0.03178484107579462 0.27941176470588236 0.028117359413202935 0.022058823529411763
0 0.28942542787286063 0.13924632352941177 0.017726161369193152 0.043198529411764705
0 0.5712102689486552 0.1879595588235294 0.015281173594132029 0.03400735294117647
