0 0.020460 0.054987 0.024936 0.033248
0 0.084719 0.064578 0.024936 0.029412
0 0.026215 0.169437 0.017263 0.037084
0 0.097187 0.282609 0.023018 0.025575
0 0.190217 0.271100 0.028772 0.020460
0 0.187820 0.331841 0.025895 0.029412
0 0.334559 0.258951 0.029731 0.026854
0 0.556586 0.224425 0.017263 0.031969
0 0.543638 0.311381 0.023977 0.026854
0 0.236733 0.772379 0.018223 0.035806
0 0.058824 0.877238 0.017263 0.015345
0 0.083280 0.901535 0.037404 0.020460
0 0.275096 0.963555 0.018223 0.034527
0 0.211317 0.989130 0.021100 0.021739
0 0.631394 0.911765 0.017263 0.038363
0 0.874520 0.727621 0.016304 0.040921
0 0.729699 0.989770 0.027813 0.020460
0 0.898977 0.964194 0.017263 0.035806
0 0.985774 0.973785 0.023977 0.037084
0 0.910965 0.581841 0.016304 0.038363
0 0.950288 0.572890 0.020141 0.025575
0 0.885550 0.348465 0.017263 0.034527
0 0.990729 0.205882 0.018542 0.046036
0 0.400256 0.022379 0.024936 0.037084
0 0.509111 0.679668 0.016304 0.034527