0 0.293798 0.364450 0.015345 0.028133
0 0.109175 0.417519 0.023977 0.016624
0 0.034847 0.126598 0.023018 0.017903
0 0.111573 0.486573 0.013427 0.026854
0 0.288523 0.505115 0.014386 0.020460
0 0.313459 0.557545 0.014386 0.030691
0 0.121643 0.743606 0.022059 0.024297
0 0.379636 0.674552 0.022059 0.024297
0 0.440537 0.677749 0.019182 0.025575
0 0.680307 0.504476 0.015345 0.026854
0 0.804028 0.503836 0.011509 0.030691
0 0.859655 0.638107 0.023018 0.020460
0 0.958440 0.615729 0.015345 0.031969
0 0.913843 0.775575 0.014386 0.029412
0 0.948849 0.913683 0.015345 0.026854
0 0.754636 0.909207 0.014386 0.030691
0 0.531650 0.916240 0.019182 0.021739
0 0.862532 0.188619 0.021100 0.019182
0 0.171515 0.531969 0.016304 0.028133