0 0.20843520782396088 0.07950367647058823 0.02078239608801956 0.04136029411764706
0 0.08679706601466992 0.3570772058823529 0.028117359413202935 0.02665441176470588
0 0.23930317848410756 0.5845588235294118 0.01650366748166259 0.03676470588235294
0 0.29614914425427874 0.5427389705882353 0.023838630806845965 0.035845588235294115
0 0.3157090464547677 0.5436580882352942 0.02506112469437653 0.030330882352941176
0 0.3267114914425428 0.5795036764705882 0.023838630806845965 0.022977941176470586
0 0.4018948655256724 0.5629595588235294 0.02506112469437653 0.030330882352941176
0 0.30715158924205377 0.6553308823529411 0.023838630806845965 0.025735294117647058
0 0.29125916870415647 0.7049632352941176 0.02750611246943765 0.022058823529411763
0 0.47493887530562345 0.6631433823529411 0.017114914425427872 0.024816176470588234
0 0.5504278728606357 0.6962316176470588 0.017726161369193152 0.03952205882352941
0 0.5345354523227384 0.7159926470588235 0.015281173594132029 0.03125
0 0.5443154034229829 0.7371323529411764 0.011613691931540342 0.03308823529411765
0 0.5644865525672371 0.7555147058823529 0.021393643031784843 0.027573529411764705
0 0.617359413202934 0.7155330882352942 0.01589242053789731 0.04136029411764706
0 0.6656479217603912 0.7297794117647058 0.02078239608801956 0.027573529411764705
0 0.714242053789731 0.7513786764705882 0.023838630806845965 0.030330882352941176
0 0.7059902200488998 0.7738970588235294 0.028117359413202935 0.025735294117647058
0 0.7114914425427873 0.8083639705882353 0.02444987775061125 0.024816176470588234
0 0.7328850855745721 0.8943014705882353 0.019559902200488997 0.04595588235294117
0 0.7139364303178484 0.9402573529411764 0.014669926650366748 0.03860294117647059
0 0.6800122249388753 0.9457720588235294 0.01650366748166259 0.027573529411764705
0 0.6317237163814181 0.9508272058823529 0.023838630806845965 0.03400735294117647
0 0.6136919315403423 0.9889705882352942 0.02444987775061125 0.022058823529411763
0 0.6919315403422983 0.9875919117647058 0.017114914425427872 0.024816176470588234
0 0.3795843520782396 0.6295955882352942 0.018337408312958436 0.01838235294117647
0 0.46026894865525675 0.6902573529411765 0.019559902200488997 0.027573529411764705
0 0.4116748166259169 0.6079963235294118 0.02628361858190709 0.024816176470588234
0 0.40464547677261614 0.6397058823529411 0.019559902200488997 0.022058823529411763
