0 0.33954767726161367 0.28400735294117646 0.023838630806845965 0.034926470588235295
0 0.6182762836185819 0.2817095588235294 0.03484107579462103 0.030330882352941176
0 0.7362469437652812 0.15946691176470587 0.018948655256723717 0.043198529411764705
0 0.6824572127139364 0.5965073529411765 0.03361858190709047 0.022058823529411763
0 0.43215158924205377 0.7178308823529411 0.02567237163814181 0.027573529411764705
0 0.4783007334963325 0.7481617647058824 0.0323960880195599 0.025735294117647058
0 0.12224938875305623 0.7495404411764706 0.019559902200488997 0.035845588235294115
0 0.20782396088019559 0.8805147058823529 0.017114914425427872 0.03676470588235294
0 0.6332518337408313 0.6534926470588235 0.014669926650366748 0.029411764705882353
0 0.6060513447432763 0.6617647058823529 0.020171149144254278 0.025735294117647058
0 0.5959657701711492 0.8327205882352942 0.01589242053789731 0.025735294117647058
0 0.5015281173594132 0.17738970588235295 0.015281173594132029 0.02389705882352941
0 0.38966992665036676 0.3805147058823529 0.022616136919315404 0.04595588235294117
