0 0.089994 0.225703 0.027813 0.026854
0 0.031969 0.395141 0.024936 0.028133
0 0.169597 0.878517 0.025895 0.030691
0 0.342231 0.834399 0.029731 0.037084
0 0.234335 0.921355 0.021100 0.042199
0 0.160486 0.927110 0.021100 0.043478
0 0.102941 0.966752 0.028772 0.028133
0 0.655371 0.700128 0.030691 0.039642
0 0.652014 0.641944 0.031650 0.030691
0 0.412724 0.503836 0.028772 0.038363
0 0.394022 0.092711 0.023977 0.031969
0 0.440537 0.044757 0.030691 0.025575
0 0.457801 0.131714 0.019182 0.035806
0 0.456841 0.228900 0.021100 0.033248
0 0.408887 0.235294 0.026854 0.035806
0 0.607896 0.379156 0.027813 0.031969
0 0.900416 0.493606 0.022059 0.040921
0 0.902334 0.583760 0.025895 0.026854
0 0.824648 0.563299 0.023977 0.029412
0 0.838075 0.836957 0.029731 0.029412
0 0.801151 0.677749 0.021100 0.043478
0 0.738811 0.815857 0.036445 0.028133
0 0.546036 0.703964 0.021100 0.026854
0 0.655371 0.884271 0.032609 0.019182