0 0.5247555012224939 0.48391544117647056 0.02506112469437653 0.03216911764705882
0 0.6240831295843521 0.12729779411764705 0.014669926650366748 0.03768382352941176
0 0.9034229828850856 0.10248161764705882 0.02078239608801956 0.04136029411764706
0 0.6442542787286063 0.7196691176470588 0.022004889975550123 0.042279411764705885
0 0.5265892420537898 0.8864889705882353 0.022616136919315404 0.03952205882352941
0 0.20476772616136918 0.5009191176470588 0.018337408312958436 0.03676470588235294
0 0.18367970660146699 0.7339154411764706 0.023838630806845965 0.035845588235294115
0 0.1347799511002445 0.7394301470588235 0.018948655256723717 0.043198529411764705
0 0.10299511002444987 0.8446691176470588 0.017726161369193152 0.029411764705882353
0 0.10330073349633252 0.8979779411764706 0.018337408312958436 0.027573529411764705
0 0.10452322738386308 0.9494485294117647 0.013447432762836185 0.03308823529411765
0 0.14272616136919317 0.9797794117647058 0.021393643031784843 0.02022058823529412
0 0.11766503667481662 0.9871323529411764 0.012836185819070905 0.025735294117647058
0 0.24449877750611246 0.9659926470588235 0.02078239608801956 0.02389705882352941
0 0.1219437652811736 0.9278492647058824 0.021393643031784843 0.019301470588235295
0 0.9529339853300733 0.6217830882352942 0.02567237163814181 0.03768382352941176
0 0.48594132029339854 0.6470588235294118 0.017114914425427872 0.04779411764705882
