0 0.10482885085574573 0.33455882352941174 0.021393643031784843 0.02389705882352941
0 0.5213936430317848 0.3304227941176471 0.02444987775061125 0.043198529411764705
0 0.543398533007335 0.21323529411764705 0.02567237163814181 0.025735294117647058
0 0.4669926650366748 0.19623161764705882 0.022004889975550123 0.013786764705882353
0 0.43765281173594134 0.2348345588235294 0.02567237163814181 0.024816176470588234
0 0.24144254278728605 0.5969669117647058 0.019559902200488997 0.043198529411764705
0 0.7845354523227384 0.8736213235294118 0.015281173594132029 0.03952205882352941
0 0.394559902200489 0.6167279411764706 0.023838630806845965 0.03860294117647059
0 0.815403422982885 0.16590073529411764 0.019559902200488997 0.02849264705882353
0 0.2995110024449878 0.2624080882352941 0.022004889975550123 0.035845588235294115
