0 0.16503667481662593 0.23621323529411764 0.028117359413202935 0.027573529411764705
0 0.24541564792176038 0.42141544117647056 0.01650366748166259 0.030330882352941176
0 0.1384474327628362 0.2504595588235294 0.02750611246943765 0.024816176470588234
0 0.034535452322738386 0.27159926470588236 0.017726161369193152 0.02849264705882353
0 0.05256723716381418 0.30974264705882354 0.030562347188264057 0.02022058823529412
0 0.058985330073349634 0.4710477941176471 0.03117359413202934 0.02665441176470588
0 0.15678484107579463 0.4600183823529412 0.017726161369193152 0.03768382352941176
0 0.27903422982885084 0.4967830882352941 0.02628361858190709 0.03952205882352941
0 0.26466992665036676 0.4416360294117647 0.02689486552567237 0.02665441176470588
0 0.36735941320293397 0.5459558823529411 0.009779951100244499 0.025735294117647058
0 0.3930317848410758 0.4935661764705882 0.019559902200488997 0.03308823529411765
0 0.30592909535452323 0.5459558823529411 0.011613691931540342 0.03676470588235294
0 0.2875916870415648 0.5804227941176471 0.018948655256723717 0.035845588235294115
0 0.31815403422982885 0.6461397058823529 0.017726161369193152 0.04779411764705882
0 0.31754278728606355 0.6769301470588235 0.021393643031784843 0.02849264705882353
0 0.28484107579462103 0.7261029411764706 0.02567237163814181 0.01838235294117647
0 0.3092909535452323 0.7224264705882353 0.028117359413202935 0.02022058823529412
0 0.11613691931540342 0.7068014705882353 0.018337408312958436 0.03308823529411765
0 0.12622249388753057 0.6415441176470588 0.020171149144254278 0.025735294117647058
0 0.21179706601466994 0.6443014705882353 0.01650366748166259 0.025735294117647058
0 0.1995721271393643 0.6989889705882353 0.02506112469437653 0.024816176470588234
0 0.3643031784841076 0.16590073529411764 0.01589242053789731 0.03952205882352941
0 0.4691320293398533 0.1557904411764706 0.03117359413202934 0.024816176470588234
0 0.4132029339853301 0.3538602941176471 0.02689486552567237 0.02389705882352941
0 0.45751833740831294 0.4797794117647059 0.015281173594132029 0.034926470588235295
0 0.46882640586797064 0.5073529411764706 0.01589242053789731 0.02389705882352941
0 0.49083129584352075 0.5638786764705882 0.017114914425427872 0.03768382352941176
0 0.5177261613691931 0.48391544117647056 0.019559902200488997 0.019301470588235295
0 0.5430929095354523 0.4880514705882353 0.011613691931540342 0.02389705882352941
0 0.5290342298288508 0.5091911764705882 0.028728606356968216 0.01838235294117647
0 0.507640586797066 0.5032169117647058 0.018948655256723717 0.02665441176470588
0 0.6580073349633252 0.3570772058823529 0.01650366748166259 0.043198529411764705
0 0.6561735941320294 0.21645220588235295 0.01650366748166259 0.021139705882352942
0 0.6301955990220048 0.08409926470588235 0.028117359413202935 0.03216911764705882
0 0.605440097799511 0.1645220588235294 0.01650366748166259 0.042279411764705885
0 0.7026283618581907 0.2192095588235294 0.020171149144254278 0.04136029411764706
0 0.7298288508557457 0.23713235294117646 0.02078239608801956 0.034926470588235295
0 0.8371026894865525 0.2973345588235294 0.023838630806845965 0.02665441176470588
0 0.886002444987775 0.3598345588235294 0.018948655256723717 0.03768382352941176
0 0.8343520782396088 0.43612132352941174 0.01589242053789731 0.03768382352941176
0 0.8643031784841075 0.5790441176470588 0.017114914425427872 0.044117647058823525
0 0.8606356968215159 0.7068014705882353 0.02444987775061125 0.027573529411764705
0 0.9238997555012225 0.8837316176470588 0.029951100244498777 0.03400735294117647
0 0.8196821515892421 0.3304227941176471 0.022004889975550123 0.03400735294117647
0 0.1821515892420538 0.6102941176470588 0.022004889975550123 0.016544117647058824
0 0.1769559902200489 0.5891544117647058 0.023838630806845965 0.02389705882352941
0 0.18918092909535453 0.5431985294117647 0.011613691931540342 0.03125
0 0.08099022004889976 0.36902573529411764 0.03117359413202934 0.017463235294117647
0 0.1470048899755501 0.39659926470588236 0.02750611246943765 0.024816176470588234
