0 0.197410 0.330563 0.023977 0.031969
0 0.013107 0.267263 0.026214 0.023018
0 0.178708 0.361253 0.026854 0.026854
0 0.509111 0.144501 0.027813 0.028133
0 0.589674 0.176471 0.031650 0.028133
0 0.682225 0.170077 0.015345 0.033248
0 0.827526 0.569693 0.027813 0.026854
0 0.795396 0.757033 0.021100 0.035806
0 0.587756 0.869565 0.027813 0.025575
0 0.349425 0.767263 0.024936 0.030691
0 0.131714 0.740409 0.023018 0.028133
0 0.064578 0.877877 0.017263 0.031969
0 0.103421 0.861253 0.020141 0.037084
0 0.953165 0.616368 0.022059 0.035806