0 0.27444987775061125 0.5730698529411765 0.03667481662591687 0.022977941176470586
0 0.1604523227383863 0.6580882352941176 0.014058679706601468 0.042279411764705885
0 0.1980440097799511 0.7086397058823529 0.019559902200488997 0.034926470588235295
0 0.17726161369193155 0.7426470588235294 0.018337408312958436 0.03676470588235294
0 0.1439486552567237 0.8354779411764706 0.021393643031784843 0.034926470588235295
0 0.4300122249388753 0.3023897058823529 0.020171149144254278 0.03125
0 0.6298899755501223 0.18290441176470587 0.015281173594132029 0.034926470588235295
0 0.6723716381418093 0.3897058823529412 0.030562347188264057 0.03125
0 0.8340464547677262 0.3947610294117647 0.02750611246943765 0.04136029411764706
0 0.7606968215158925 0.2072610294117647 0.018948655256723717 0.03216911764705882
0 0.8444376528117359 0.29825367647058826 0.018948655256723717 0.04136029411764706
0 0.9376528117359413 0.015625 0.03178484107579462 0.029411764705882353
