0 0.261919315403423 0.11397058823529412 0.018948655256723717 0.04044117647058824
0 0.08526894865525672 0.19393382352941177 0.023838630806845965 0.025735294117647058
0 0.022004889975550123 0.18887867647058823 0.02444987775061125 0.03952205882352941
0 0.3154034229828851 0.5808823529411765 0.02078239608801956 0.044117647058823525
0 0.27292176039119803 0.8515625 0.017726161369193152 0.03768382352941176
0 0.8847799511002445 0.2104779411764706 0.02506112469437653 0.03860294117647059
0 0.5540953545232273 0.16314338235294118 0.022616136919315404 0.024816176470588234
0 0.5718215158924206 0.4494485294117647 0.020171149144254278 0.04595588235294117
0 0.5599022004889975 0.5142463235294118 0.013447432762836185 0.04136029411764706
0 0.3154034229828851 0.18979779411764705 0.02078239608801956 0.035845588235294115
0 0.066320293398533 0.6810661764705882 0.022616136919315404 0.03308823529411765
0 0.6714547677261614 0.012408088235294117 0.02628361858190709 0.022977941176470586
