0 0.220634 0.206522 0.024662 0.049872
0 0.247422 0.024297 0.018709 0.048593
0 0.341820 0.141944 0.015308 0.048593
0 0.562081 0.119565 0.025513 0.042199
0 0.561656 0.221228 0.022962 0.035806
0 0.587169 0.215473 0.029765 0.044757
0 0.775965 0.385550 0.029765 0.039642
0 0.725364 0.445652 0.025513 0.034527
0 0.749176 0.428389 0.022111 0.038363
0 0.835495 0.374041 0.026363 0.021739
0 0.807856 0.384910 0.027214 0.025575
0 0.923940 0.946292 0.028064 0.043478
0 0.878442 0.929028 0.020410 0.042199
0 0.292920 0.932864 0.017859 0.044757