0 0.5137530562347188 0.3828125 0.018948655256723717 0.03400735294117647
0 0.6729828850855746 0.4007352941176471 0.017114914425427872 0.03125
0 0.7634474327628362 0.07306985294117647 0.02689486552567237 0.019301470588235295
0 0.4443765281173594 0.043658088235294115 0.02689486552567237 0.02849264705882353
0 0.6818459657701711 0.10753676470588235 0.01650366748166259 0.03125
0 0.8872249388753056 0.9021139705882353 0.014058679706601468 0.03768382352941176
0 0.9920537897310513 0.8506433823529411 0.014669926650366748 0.03768382352941176
0 0.22096577017114916 0.7605698529411764 0.02506112469437653 0.02849264705882353
0 0.48533007334963324 0.6328125 0.019559902200488997 0.035845588235294115
0 0.7634474327628362 0.5606617647058824 0.01589242053789731 0.042279411764705885
0 0.8202933985330073 0.71875 0.022004889975550123 0.03308823529411765
