0 0.605440097799511 0.4944852941176471 0.018948655256723717 0.034926470588235295
0 0.5198655256723717 0.49494485294117646 0.02750611246943765 0.022977941176470586
0 0.539119804400978 0.5202205882352942 0.013447432762836185 0.03860294117647059
0 0.3633863080684597 0.6282169117647058 0.02506112469437653 0.024816176470588234
0 0.24297066014669927 0.5840992647058824 0.023838630806845965 0.03216911764705882
0 0.35635696821515894 0.6801470588235294 0.02567237163814181 0.027573529411764705
0 0.7001833740831296 0.31985294117647056 0.02750611246943765 0.025735294117647058
0 0.7347188264058679 0.10294117647058823 0.02689486552567237 0.025735294117647058
0 0.8514669926650367 0.2504595588235294 0.028117359413202935 0.024816176470588234
0 0.8105134474327629 0.2660845588235294 0.019559902200488997 0.03768382352941176
0 0.8349633251833741 0.9650735294117647 0.019559902200488997 0.044117647058823525
0 0.060207823960880195 0.7481617647058824 0.02628361858190709 0.03308823529411765
