0 0.3633863080684597 0.2601102941176471 0.03117359413202934 0.025735294117647058
0 0.7087408312958435 0.10661764705882353 0.02750611246943765 0.03860294117647059
0 0.5253667481662592 0.6314338235294118 0.02628361858190709 0.034926470588235295
0 0.738997555012225 0.8028492647058824 0.023227383863080684 0.03952205882352941
0 0.863997555012225 0.8432904411764706 0.022616136919315404 0.03768382352941176
0 0.8847799511002445 0.8943014705882353 0.028728606356968216 0.03308823529411765
0 0.14853300733496333 0.5464154411764706 0.028117359413202935 0.019301470588235295
0 0.12438875305623472 0.4384191176470588 0.023838630806845965 0.04044117647058824
0 0.09688264058679706 0.6148897058823529 0.02506112469437653 0.034926470588235295
0 0.11338630806845966 0.6498161764705882 0.01650366748166259 0.03308823529411765
0 0.05776283618581907 0.9494485294117647 0.02750611246943765 0.034926470588235295
0 0.23685819070904646 0.6075367647058824 0.02628361858190709 0.025735294117647058
