0 0.036765 0.339514 0.023018 0.034527
0 0.034367 0.391944 0.025895 0.024297
0 0.013267 0.486573 0.023977 0.026854
0 0.193574 0.368926 0.027813 0.031969
0 0.364290 0.445013 0.027813 0.033248
0 0.310102 0.505115 0.028772 0.028133
0 0.394981 0.092072 0.025895 0.035806
0 0.466432 0.107417 0.024936 0.033248
0 0.884111 0.484015 0.020141 0.037084
0 0.907129 0.507033 0.023977 0.042199
0 0.804987 0.677749 0.026854 0.038363
0 0.622283 0.833120 0.023977 0.026854
0 0.341752 0.838875 0.019182 0.035806
0 0.232417 0.922634 0.023018 0.037084
0 0.174872 0.875959 0.024936 0.038363