0 0.17726161369193155 0.8414522058823529 0.03300733496332518 0.03768382352941176
0 0.32059902200489 0.8340992647058824 0.020171149144254278 0.03952205882352941
0 0.37775061124694376 0.8083639705882353 0.028117359413202935 0.03400735294117647
0 0.37713936430317846 0.8543198529411764 0.019559902200488997 0.04136029411764706
0 0.26008557457212717 0.08869485294117647 0.02628361858190709 0.02849264705882353
0 0.49235941320293397 0.10983455882352941 0.02628361858190709 0.035845588235294115
0 0.8701100244498777 0.7550551470588235 0.01650366748166259 0.06525735294117647
0 0.2658924205378973 0.4287683823529412 0.02444987775061125 0.03952205882352941
0 0.2710880195599022 0.7417279411764706 0.022616136919315404 0.034926470588235295
0 0.45965770171149145 0.9126838235294118 0.022004889975550123 0.022058823529411763
