0 0.23838630806845965 0.1410845588235294 0.02444987775061125 0.03216911764705882
0 0.3141809290953545 0.2155330882352941 0.02078239608801956 0.03400735294117647
0 0.4135085574572127 0.18336397058823528 0.020171149144254278 0.03768382352941176
0 0.39119804400978 0.07904411764705882 0.019559902200488997 0.03125
0 0.21057457212713937 0.3285845588235294 0.018948655256723717 0.03952205882352941
0 0.11399755501222494 0.40441176470588236 0.02506112469437653 0.027573529411764705
0 0.7747555012224939 0.6709558823529411 0.018948655256723717 0.04044117647058824
0 0.9104523227383863 0.5712316176470588 0.02506112469437653 0.030330882352941176
0 0.4569070904645477 0.8520220588235294 0.02506112469437653 0.044117647058823525
0 0.9440709046454767 0.9269301470588235 0.023838630806845965 0.03216911764705882
