0 0.7279951100244498 0.4232536764705882 0.019559902200488997 0.03952205882352941
0 0.39975550122249387 0.1447610294117647 0.030562347188264057 0.024816176470588234
0 0.39883863080684595 0.17049632352941177 0.03117359413202934 0.024816176470588234
0 0.4330684596577017 0.24816176470588236 0.022616136919315404 0.034926470588235295
0 0.44834963325183375 0.3318014705882353 0.02750611246943765 0.03125
0 0.39333740831295844 0.3023897058823529 0.023838630806845965 0.025735294117647058
0 0.39272616136919314 0.26700367647058826 0.020171149144254278 0.022977941176470586
0 0.3811124694376528 0.2858455882352941 0.015281173594132029 0.022058823529411763
0 0.3594132029339853 0.27068014705882354 0.01589242053789731 0.03216911764705882
0 0.3147921760391198 0.2849264705882353 0.028117359413202935 0.02022058823529412
0 0.3743887530562347 0.22150735294117646 0.017726161369193152 0.016544117647058824
0 0.37286063569682154 0.24080882352941177 0.02078239608801956 0.02022058823529412
0 0.2643643031784841 0.2495404411764706 0.02750611246943765 0.021139705882352942
0 0.20385085574572126 0.22426470588235295 0.02506112469437653 0.03125
0 0.12377750611246943 0.3129595588235294 0.023838630806845965 0.021139705882352942
0 0.14853300733496333 0.30330882352941174 0.019559902200488997 0.03308823529411765
0 0.3523838630806846 0.9710477941176471 0.02628361858190709 0.03216911764705882
