0 0.2830073349633252 0.3069852941176471 0.02567237163814181 0.03125
0 0.29064792176039117 0.44347426470588236 0.02750611246943765 0.030330882352941176
0 0.4015892420537897 0.5767463235294118 0.014669926650366748 0.050551470588235295
0 0.3545232273838631 0.6824448529411765 0.02444987775061125 0.024816176470588234
0 0.5635696821515892 0.6691176470588235 0.02567237163814181 0.03676470588235294
0 0.6295843520782396 0.6374080882352942 0.023227383863080684 0.030330882352941176
0 0.7331907090464548 0.6125919117647058 0.018948655256723717 0.03768382352941176
0 0.8294621026894865 0.5647977941176471 0.02444987775061125 0.03400735294117647
0 0.8300733496332519 0.5193014705882353 0.02078239608801956 0.03125
0 0.5904645476772616 0.5955882352941176 0.019559902200488997 0.02022058823529412
0 0.5962713936430318 0.6167279411764706 0.02628361858190709 0.022058823529411763
0 0.6014669926650367 0.5666360294117647 0.022004889975550123 0.030330882352941176
0 0.5479828850855746 0.6291360294117647 0.02628361858190709 0.024816176470588234
0 0.4932762836185819 0.609375 0.012224938875305624 0.034926470588235295
0 0.5149755501222494 0.6052389705882353 0.02506112469437653 0.021139705882352942
0 0.4666870415647922 0.5652573529411765 0.02506112469437653 0.025735294117647058
0 0.559596577017115 0.43612132352941174 0.022616136919315404 0.02849264705882353
0 0.590158924205379 0.2973345588235294 0.022616136919315404 0.03952205882352941
0 0.5308679706601467 0.16590073529411764 0.021393643031784843 0.02665441176470588
0 0.69559902200489 0.5248161764705882 0.017114914425427872 0.03125
0 0.37011002444987773 0.4857536764705882 0.021393643031784843 0.030330882352941176
0 0.3847799511002445 0.6704963235294118 0.020171149144254278 0.022977941176470586
