0 0.208440 0.191816 0.023018 0.038363
0 0.321611 0.164322 0.023018 0.034527
0 0.510550 0.140026 0.028772 0.026854
0 0.680786 0.167519 0.023977 0.033248
0 0.958919 0.217391 0.025895 0.035806
0 0.823689 0.567136 0.029731 0.029412
0 0.800671 0.753197 0.018223 0.038363
0 0.183504 0.386829 0.026854 0.029412
0 0.213235 0.467391 0.026854 0.031969
0 0.405531 0.284527 0.022059 0.029412
0 0.011189 0.263427 0.022378 0.033248
0 0.120684 0.773018 0.020141 0.037084
0 0.100064 0.870844 0.028772 0.030691
0 0.953165 0.622123 0.020141 0.037084