0 0.2114914425427873 0.16176470588235295 0.02689486552567237 0.03125
0 0.08007334963325183 0.029411764705882353 0.019559902200488997 0.03308823529411765
0 0.07243276283618581 0.12362132352941177 0.01650366748166259 0.019301470588235295
0 0.029645476772616138 0.12316176470588235 0.018948655256723717 0.02389705882352941
0 0.02078239608801956 0.22472426470588236 0.011002444987775062 0.03400735294117647
0 0.1852078239608802 0.3193933823529412 0.019559902200488997 0.03952205882352941
0 0.29553789731051344 0.4384191176470588 0.01650366748166259 0.042279411764705885
0 0.24205378973105135 0.5344669117647058 0.022004889975550123 0.03768382352941176
0 0.2726161369193154 0.7049632352941176 0.023227383863080684 0.02389705882352941
0 0.3111246943765281 0.7022058823529411 0.013447432762836185 0.03308823529411765
0 0.37255501222493886 0.5473345588235294 0.023838630806845965 0.021139705882352942
0 0.472799511002445 0.2959558823529412 0.017726161369193152 0.027573529411764705
0 0.45446210268948656 0.3446691176470588 0.011613691931540342 0.03860294117647059
0 0.6824572127139364 0.39797794117647056 0.009168704156479218 0.03860294117647059
0 0.6946821515892421 0.421875 0.01650366748166259 0.025735294117647058
0 0.7457212713936431 0.21783088235294118 0.011002444987775062 0.02022058823529412
0 0.8817237163814181 0.29871323529411764 0.020171149144254278 0.042279411764705885
0 0.8682762836185819 0.7840073529411764 0.012836185819070905 0.03676470588235294
0 0.6635085574572127 0.875 0.020171149144254278 0.02022058823529412
0 0.6033007334963325 0.8230698529411764 0.014669926650366748 0.03768382352941176
0 0.726161369193154 0.6640625 0.03178484107579462 0.024816176470588234
0 0.41473105134474325 0.5197610294117647 0.015281173594132029 0.02849264705882353
0 0.34504889975550124 0.23575367647058823 0.022616136919315404 0.02849264705882353
0 0.3866136919315403 0.10294117647058823 0.01650366748166259 0.03860294117647059
0 0.4993887530562347 0.9692095588235294 0.018337408312958436 0.04136029411764706
0 0.28056234718826406 0.4880514705882353 0.029339853300733496 0.02389705882352941
0 0.43092909535452323 0.5032169117647058 0.012224938875305624 0.02665441176470588
0 0.4452933985330073 0.5078125 0.011613691931540342 0.024816176470588234
