0 0.5767114914425427 0.1323529411764706 0.023838630806845965 0.03676470588235294
0 0.40556234718826406 0.12362132352941177 0.028728606356968216 0.024816176470588234
0 0.5547066014669927 0.2899816176470588 0.012836185819070905 0.04136029411764706
0 0.5250611246943765 0.2725183823529412 0.01589242053789731 0.03952205882352941
0 0.5400366748166259 0.27205882352941174 0.017726161369193152 0.034926470588235295
0 0.894559902200489 0.1208639705882353 0.02506112469437653 0.030330882352941176
0 0.8805012224938875 0.23759191176470587 0.02506112469437653 0.02665441176470588
0 0.8578850855745721 0.21691176470588236 0.015281173594132029 0.027573529411764705
0 0.8202933985330073 0.3023897058823529 0.022004889975550123 0.03308823529411765
0 0.9058679706601467 0.31204044117647056 0.022004889975550123 0.04136029411764706
0 0.9214547677261614 0.4227941176470588 0.018948655256723717 0.03860294117647059
0 0.8138753056234719 0.4489889705882353 0.021393643031784843 0.02665441176470588
0 0.7799511002444988 0.46599264705882354 0.028117359413202935 0.03308823529411765
0 0.8270171149144254 0.48713235294117646 0.023227383863080684 0.025735294117647058
0 0.8150977995110025 0.4728860294117647 0.021393643031784843 0.024816176470588234
0 0.9012836185819071 0.46691176470588236 0.015281173594132029 0.03308823529411765
0 0.8407701711491442 0.5454963235294118 0.02628361858190709 0.024816176470588234
0 0.6039119804400978 0.6585477941176471 0.023227383863080684 0.03952205882352941
0 0.6580073349633252 0.8543198529411764 0.018948655256723717 0.03952205882352941
0 0.4553789731051345 0.26516544117647056 0.03178484107579462 0.030330882352941176
