0 0.48746943765281175 0.15992647058823528 0.02750611246943765 0.034926470588235295
0 0.2979828850855746 0.2711397058823529 0.023838630806845965 0.042279411764705885
0 0.22952322738386308 0.13419117647058823 0.017726161369193152 0.042279411764705885
0 0.363080684596577 0.45128676470588236 0.02567237163814181 0.034926470588235295
0 0.3743887530562347 0.6066176470588235 0.02628361858190709 0.022058823529411763
0 0.39975550122249387 0.6654411764705882 0.019559902200488997 0.03125
0 0.8795843520782396 0.6746323529411765 0.02689486552567237 0.03676470588235294
0 0.8004278728606357 0.6603860294117647 0.03117359413202934 0.03216911764705882
0 0.8841687041564792 0.8037683823529411 0.03361858190709047 0.03400735294117647
0 0.7888141809290954 0.8391544117647058 0.029951100244498777 0.029411764705882353
0 0.5767114914425427 0.23759191176470587 0.017726161369193152 0.03952205882352941
0 0.05623471882640587 0.7715992647058824 0.023227383863080684 0.03952205882352941
0 0.37377750611246946 0.03768382352941176 0.018948655256723717 0.02389705882352941
0 0.3841687041564792 0.05422794117647059 0.014058679706601468 0.03308823529411765
