0 0.159828 0.329284 0.018709 0.052430
0 0.681992 0.330563 0.030615 0.034527
0 0.624163 0.319693 0.025513 0.038363
0 0.571861 0.359335 0.034868 0.028133
0 0.563357 0.256394 0.021261 0.024297
0 0.664133 0.113811 0.027214 0.048593
0 0.593973 0.169437 0.021261 0.039642
0 0.860157 0.237852 0.019560 0.053708
0 0.920538 0.078645 0.026363 0.047315
0 0.920963 0.706522 0.020410 0.052430
0 0.879717 0.793478 0.031466 0.034527
0 0.659881 0.634271 0.017009 0.043478
0 0.469385 0.863171 0.028915 0.035806
0 0.449399 0.885550 0.019560 0.042199
0 0.365207 0.953325 0.017859 0.042199