0 0.43643031784841074 0.2077205882352941 0.022004889975550123 0.03676470588235294
0 0.5180317848410758 0.4489889705882353 0.020171149144254278 0.03768382352941176
0 0.8016503667481663 0.5675551470588235 0.018948655256723717 0.03768382352941176
0 0.6274449877750611 0.8010110294117647 0.018948655256723717 0.035845588235294115
0 0.3484107579462103 0.8520220588235294 0.019559902200488997 0.03676470588235294
0 0.26253056234718825 0.4411764705882353 0.02628361858190709 0.03125
0 0.3065403422982885 0.37316176470588236 0.022616136919315404 0.03676470588235294
0 0.3404645476772616 0.24448529411764705 0.018337408312958436 0.04044117647058824
0 0.3856968215158924 0.3226102941176471 0.014669926650366748 0.04044117647058824
0 0.24938875305623473 0.11213235294117647 0.023227383863080684 0.03860294117647059
0 0.1980440097799511 0.2035845588235294 0.028117359413202935 0.02665441176470588
0 0.15861858190709047 0.04641544117647059 0.017726161369193152 0.03400735294117647
