0 0.16289731051344744 0.6020220588235294 0.029951100244498777 0.025735294117647058
0 0.527200488997555 0.5206801470588235 0.023838630806845965 0.03952205882352941
0 0.7995110024449877 0.7886029411764706 0.018337408312958436 0.03860294117647059
0 0.9003667481662592 0.6723345588235294 0.01589242053789731 0.03768382352941176
0 0.8251833740831296 0.6020220588235294 0.023227383863080684 0.04044117647058824
0 0.9798288508557457 0.5349264705882353 0.023227383863080684 0.034926470588235295
0 0.6983496332518337 0.8653492647058824 0.021393643031784843 0.03400735294117647
0 0.46974327628361856 0.3102022058823529 0.02750611246943765 0.03400735294117647
0 0.5819070904645477 0.10477941176470588 0.023227383863080684 0.029411764705882353
0 0.4578239608801956 0.12775735294117646 0.02689486552567237 0.02022058823529412
