0 0.1934596577017115 0.13051470588235295 0.015281173594132029 0.025735294117647058
0 0.25886308068459657 0.5698529411764706 0.021393643031784843 0.03860294117647059
0 0.40556234718826406 0.7706801470588235 0.020171149144254278 0.04871323529411765
0 0.6424205378973105 0.7642463235294118 0.018337408312958436 0.04136029411764706
0 0.7255501222493888 0.6727941176470588 0.022004889975550123 0.03860294117647059
0 0.7417481662591687 0.40808823529411764 0.017726161369193152 0.03676470588235294
0 0.785757946210269 0.46875 0.020171149144254278 0.034926470588235295
0 0.9376528117359413 0.025275735294117647 0.018337408312958436 0.021139705882352942
0 0.7658924205378973 0.7688419117647058 0.008557457212713936 0.030330882352941176
0 0.780562347188264 0.7481617647058824 0.022004889975550123 0.022058823529411763
0 0.78820293398533 0.8607536764705882 0.018948655256723717 0.024816176470588234
0 0.684596577017115 0.7886029411764706 0.014669926650366748 0.034926470588235295
0 0.6677872860635696 0.6810661764705882 0.02506112469437653 0.027573529411764705
0 0.6601466992665037 0.7072610294117647 0.018337408312958436 0.030330882352941176
0 0.2283007334963325 0.08409926470588235 0.021393643031784843 0.030330882352941176
0 0.16748166259168704 0.10983455882352941 0.02689486552567237 0.022977941176470586
0 0.8438264058679706 0.3795955882352941 0.018948655256723717 0.04595588235294117
0 0.34138141809290956 0.12270220588235294 0.022616136919315404 0.024816176470588234
0 0.8056234718826406 0.7182904411764706 0.028117359413202935 0.03400735294117647
