0 0.060742 0.056905 0.030691 0.026854
0 0.394981 0.093990 0.025895 0.044757
0 0.464994 0.109974 0.023977 0.040921
0 0.506234 0.342711 0.022059 0.035806
0 0.766145 0.159207 0.023977 0.037084
0 0.718191 0.542839 0.022059 0.039642
0 0.907129 0.505115 0.023977 0.040921
0 0.917199 0.406650 0.024936 0.025575
0 0.804028 0.677749 0.021100 0.038363
0 0.873082 0.698849 0.021100 0.029412
0 0.762308 0.759591 0.025895 0.030691
0 0.619405 0.848465 0.022059 0.026854
0 0.548913 0.746164 0.030691 0.026854
0 0.343670 0.836317 0.024936 0.033248
0 0.234815 0.921995 0.020141 0.033248
0 0.173434 0.875320 0.029731 0.034527
0 0.032928 0.393862 0.026854 0.025575