0 0.42940097799511 0.5850183823529411 0.02506112469437653 0.03216911764705882
0 0.4828850855745721 0.6456801470588235 0.02567237163814181 0.022977941176470586
0 0.6971271393643031 0.4181985294117647 0.022616136919315404 0.02389705882352941
0 0.6723716381418093 0.11443014705882353 0.02078239608801956 0.04871323529411765
0 0.6301955990220048 0.20588235294117646 0.01589242053789731 0.04044117647058824
0 0.5443154034229829 0.7003676470588235 0.018948655256723717 0.02022058823529412
0 0.5507334963325183 0.3860294117647059 0.014669926650366748 0.034926470588235295
0 0.5929095354523227 0.38924632352941174 0.014669926650366748 0.03952205882352941
0 0.5403422982885085 0.45174632352941174 0.01589242053789731 0.030330882352941176
0 0.7438875305623471 0.45266544117647056 0.02444987775061125 0.022977941176470586
0 0.8487163814180929 0.3828125 0.020171149144254278 0.03216911764705882
0 0.7820904645476773 0.2853860294117647 0.022616136919315404 0.02665441176470588
0 0.6039119804400978 0.5900735294117647 0.013447432762836185 0.034926470588235295
0 0.5864914425427873 0.5822610294117647 0.015281173594132029 0.03400735294117647
0 0.5537897310513448 0.5482536764705882 0.012224938875305624 0.02849264705882353
0 0.5403422982885085 0.6006433823529411 0.014669926650366748 0.03216911764705882
0 0.5415647921760391 0.6456801470588235 0.022004889975550123 0.021139705882352942
0 0.5556234718826406 0.6741727941176471 0.01589242053789731 0.035845588235294115
0 0.6143031784841075 0.7224264705882353 0.023227383863080684 0.022058823529411763
0 0.6014669926650367 0.7467830882352942 0.01589242053789731 0.02849264705882353
0 0.655562347188264 0.8345588235294118 0.020171149144254278 0.03308823529411765
0 0.5712102689486552 0.7826286764705882 0.015281173594132029 0.04136029411764706
0 0.46363080684596575 0.7178308823529411 0.020171149144254278 0.027573529411764705
0 0.38294621026894865 0.6999080882352942 0.02506112469437653 0.019301470588235295
0 0.668398533007335 0.9214154411764706 0.023838630806845965 0.02849264705882353
0 0.5929095354523227 0.9016544117647058 0.012224938875305624 0.034926470588235295
0 0.5846577017114915 0.8285845588235294 0.014058679706601468 0.03400735294117647
0 0.6042176039119804 0.1636029411764706 0.023838630806845965 0.042279411764705885
0 0.49694376528117357 0.7495404411764706 0.018337408312958436 0.024816176470588234
0 0.3150977995110024 0.6806066176470588 0.023838630806845965 0.02849264705882353
0 0.753361858190709 0.32674632352941174 0.022616136919315404 0.03216911764705882
0 0.7778117359413202 0.32169117647058826 0.02506112469437653 0.02389705882352941
0 0.7573349633251834 0.3602941176470588 0.014669926650366748 0.034926470588235295
0 0.5608190709046454 0.7251838235294118 0.020171149144254278 0.03676470588235294
0 0.5210880195599022 0.6346507352941176 0.018948655256723717 0.022977941176470586
0 0.1656479217603912 0.34558823529411764 0.01589242053789731 0.03676470588235294
0 0.6225550122249389 0.8616727941176471 0.012836185819070905 0.022977941176470586
0 0.6237775061124694 0.7913602941176471 0.014058679706601468 0.01838235294117647
0 0.565403422982885 0.8409926470588235 0.012224938875305624 0.016544117647058824
0 0.5406479217603912 0.8318014705882353 0.012836185819070905 0.016544117647058824
0 0.5061124694376528 0.8249080882352942 0.014669926650366748 0.019301470588235295
0 0.5244498777506112 0.7729779411764706 0.008557457212713936 0.016544117647058824
0 0.6430317848410758 0.8377757352941176 0.012224938875305624 0.024816176470588234
0 0.5956601466992665 0.7803308823529411 0.015281173594132029 0.029411764705882353
0 0.15831295843520782 0.5574448529411765 0.019559902200488997 0.035845588235294115
0 0.13691931540342298 0.6227022058823529 0.028117359413202935 0.02665441176470588
0 0.5773227383863081 0.859375 0.020171149144254278 0.016544117647058824
0 0.566320293398533 0.5013786764705882 0.02506112469437653 0.019301470588235295
0 0.523838630806846 0.5386029411764706 0.028117359413202935 0.03125
