0 0.3471882640586797 0.13878676470588236 0.022004889975550123 0.03860294117647059
0 0.2561124694376528 0.08777573529411764 0.02689486552567237 0.03952205882352941
0 0.20446210268948656 0.22977941176470587 0.021393643031784843 0.03860294117647059
0 0.2973716381418093 0.3207720588235294 0.02750611246943765 0.025735294117647058
0 0.3034841075794621 0.29549632352941174 0.01650366748166259 0.03952205882352941
0 0.3303789731051345 0.2890625 0.021393643031784843 0.035845588235294115
0 0.4223716381418093 0.4085477941176471 0.017114914425427872 0.02849264705882353
0 0.4388753056234719 0.4030330882352941 0.02078239608801956 0.02665441176470588
0 0.4235941320293399 0.4535845588235294 0.02444987775061125 0.02665441176470588
0 0.29003667481662593 0.6144301470588235 0.022616136919315404 0.02665441176470588
0 0.21546454767726161 0.5942095588235294 0.020171149144254278 0.04136029411764706
0 0.13600244498777506 0.5896139705882353 0.02628361858190709 0.024816176470588234
0 0.25213936430317846 0.6470588235294118 0.023838630806845965 0.029411764705882353
0 0.4419315403422983 0.5863970588235294 0.02689486552567237 0.027573529411764705
0 0.5550122249388753 0.6222426470588235 0.014669926650366748 0.042279411764705885
0 0.45323960880195596 0.6787683823529411 0.02628361858190709 0.02849264705882353
0 0.45904645476772615 0.7642463235294118 0.02689486552567237 0.02665441176470588
0 0.25336185819070906 0.8717830882352942 0.03361858190709047 0.02849264705882353
0 0.8655256723716381 0.8745404411764706 0.02078239608801956 0.03952205882352941
0 0.9896088019559902 0.921875 0.02078239608801956 0.029411764705882353
0 0.9847188264058679 0.9774816176470588 0.02444987775061125 0.03400735294117647
0 0.5736552567237164 0.5569852941176471 0.02628361858190709 0.025735294117647058
