0 0.765185 0.105499 0.023977 0.031969
0 0.944054 0.154731 0.019182 0.038363
0 0.915281 0.399616 0.023018 0.029412
0 0.907129 0.500000 0.020141 0.046036
0 0.691336 0.522379 0.029731 0.029412
0 0.811701 0.679668 0.017263 0.042199
0 0.842391 0.788363 0.026854 0.026854
0 0.616049 0.858056 0.024936 0.030691
0 0.523977 0.597826 0.021100 0.034527
0 0.498082 0.747442 0.021100 0.037084
0 0.344150 0.835678 0.022059 0.037084
0 0.234335 0.920077 0.021100 0.042199
0 0.174393 0.877238 0.025895 0.030691
0 0.032928 0.392583 0.026854 0.030691
0 0.276055 0.340153 0.020141 0.040921
0 0.394022 0.092072 0.025895 0.028133
0 0.465473 0.116368 0.023018 0.033248
0 0.417519 0.014066 0.034527 0.028132
0 0.775735 0.011509 0.035486 0.023018
0 0.019981 0.180307 0.022059 0.043478
0 0.284687 0.214834 0.025895 0.040921